Game Code,Full Hyperlink,Home,Away,Home Short,Away Short,Home Tipper,Away Tipper,First Scorer,Tipoff Winning Team,Tipoff Losing Team,Possession Gaining Player,Possession Gaining Player Link,First Scoring Team,Scored Upon Team,Tipoff Winner,Tipoff Winner Link,Tipoff Loser,Tipoff Loser Link,Tipoff Winner Scores
201210300MIA,https://www.basketball-reference.com/boxscores/pbp/201210300MIA.html,Miami Heat,Boston Celtics,MIA,BOS,C. Bosh,K. Garnett,S. Battier,BOS,MIA,C. Lee,/players/l/leeco01.html,MIA,BOS,K. Garnett,/players/g/garneke01.html,C. Bosh,/players/b/boshch01.html,0
201210300LAL,https://www.basketball-reference.com/boxscores/pbp/201210300LAL.html,Los Angeles Lakers,Dallas Mavericks,LAL,DAL,D. Howard,B. Wright,S. Nash,DAL,LAL,D. Collison,/players/c/collida01.html,LAL,DAL,B. Wright,/players/w/wrighbr03.html,D. Howard,/players/h/howardw01.html,0
201210310PHI,https://www.basketball-reference.com/boxscores/pbp/201210310PHI.html,Philadelphia 76ers,Denver Nuggets,PHI,DEN,L. Allen,K. Koufos,A. Iguodala,DEN,PHI,T. Lawson,/players/l/lawsoty01.html,DEN,PHI,K. Koufos,/players/k/koufoko01.html,L. Allen,/players/a/allenla01.html,1
201210310TOR,https://www.basketball-reference.com/boxscores/pbp/201210310TOR.html,Toronto Raptors,Indiana Pacers,TOR,IND,J. Valančiūnas,R. Hibbert,P. George,IND,TOR,G. Hill,/players/h/hillge01.html,IND,TOR,R. Hibbert,/players/h/hibbero01.html,J. Valančiūnas,/players/v/valanjo01.html,1
201210310DET,https://www.basketball-reference.com/boxscores/pbp/201210310DET.html,Detroit Pistons,Houston Rockets,DET,HOU,G. Monroe,Ö. Aşık,J. Harden,DET,HOU,G. Monroe,/players/m/monrogr01.html,HOU,DET,G. Monroe,/players/m/monrogr01.html,Ö. Aşık,/players/a/asikom01.html,0
201210310CHI,https://www.basketball-reference.com/boxscores/pbp/201210310CHI.html,Chicago Bulls,Sacramento Kings,CHI,SAC,J. Noah,J. Thompson,D. Cousins,CHI,SAC,K. Hinrich,/players/h/hinriki01.html,SAC,CHI,J. Noah,/players/n/noahjo01.html,J. Thompson,/players/t/thompja02.html,0
201210310NOH,https://www.basketball-reference.com/boxscores/pbp/201210310NOH.html,New Orleans Hornets,San Antonio Spurs,NOH,SAS,R. Lopez,T. Duncan,T. Duncan,SAS,NOH,T. Parker,/players/p/parketo01.html,SAS,NOH,T. Duncan,/players/d/duncati01.html,R. Lopez,/players/l/lopezro01.html,1
201210310UTA,https://www.basketball-reference.com/boxscores/pbp/201210310UTA.html,Utah Jazz,Dallas Mavericks,UTA,DAL,A. Jefferson,B. Wright,D. Collison,DAL,UTA,O. Mayo,/players/m/mayooj01.html,DAL,UTA,B. Wright,/players/w/wrighbr03.html,A. Jefferson,/players/j/jeffeal01.html,1
201210310PHO,https://www.basketball-reference.com/boxscores/pbp/201210310PHO.html,Phoenix Suns,Golden State Warriors,PHO,GSW,M. Gortat,A. Bogut,A. Bogut,GSW,PHO,S. Curry,/players/c/curryst01.html,GSW,PHO,A. Bogut,/players/b/bogutan01.html,M. Gortat,/players/g/gortama01.html,1
201210310LAC,https://www.basketball-reference.com/boxscores/pbp/201210310LAC.html,Los Angeles Clippers,Memphis Grizzlies,LAC,MEM,D. Jordan,M. Gasol,R. Gay,LAC,MEM,C. Paul,/players/p/paulch01.html,MEM,LAC,D. Jordan,/players/j/jordade01.html,M. Gasol,/players/g/gasolma01.html,0
201210310POR,https://www.basketball-reference.com/boxscores/pbp/201210310POR.html,Portland Trail Blazers,Los Angeles Lakers,POR,LAL,J. Hickson,D. Howard,P. Gasol,LAL,POR,P. Gasol,/players/g/gasolpa01.html,LAL,POR,D. Howard,/players/h/howardw01.html,J. Hickson,/players/h/hicksjj01.html,1
201211020CHA,https://www.basketball-reference.com/boxscores/pbp/201211020CHA.html,Charlotte Bobcats,Indiana Pacers,CHA,IND,B. Haywood,R. Hibbert,G. Henderson,CHA,IND,B. Mullens,/players/m/mulleby01.html,CHA,IND,B. Haywood,/players/h/haywobr01.html,R. Hibbert,/players/h/hibbero01.html,1
201211020ORL,https://www.basketball-reference.com/boxscores/pbp/201211020ORL.html,Orlando Magic,Denver Nuggets,ORL,DEN,N. Vučević,K. Koufos,G. Davis,ORL,DEN,H. Türkoğlu,/players/t/turkohe01.html,ORL,DEN,N. Vučević,/players/v/vucevni01.html,K. Koufos,/players/k/koufoko01.html,1
201211020ATL,https://www.basketball-reference.com/boxscores/pbp/201211020ATL.html,Atlanta Hawks,Houston Rockets,ATL,HOU,J. Smith,Ö. Aşık,J. Teague,ATL,HOU,J. Teague,/players/t/teaguje01.html,ATL,HOU,J. Smith,/players/s/smithjo03.html,Ö. Aşık,/players/a/asikom01.html,1
201211020BOS,https://www.basketball-reference.com/boxscores/pbp/201211020BOS.html,Boston Celtics,Milwaukee Bucks,BOS,MIL,K. Garnett,S. Dalembert,B. Jennings,MIL,BOS,M. Ellis,/players/e/ellismo01.html,MIL,BOS,S. Dalembert,/players/d/dalemsa01.html,K. Garnett,/players/g/garneke01.html,1
201211020CLE,https://www.basketball-reference.com/boxscores/pbp/201211020CLE.html,Cleveland Cavaliers,Chicago Bulls,CLE,CHI,T. Thompson,J. Noah,C. Boozer,CHI,CLE,K. Hinrich,/players/h/hinriki01.html,CHI,CLE,J. Noah,/players/n/noahjo01.html,T. Thompson,/players/t/thomptr01.html,1
201211020MIN,https://www.basketball-reference.com/boxscores/pbp/201211020MIN.html,Minnesota Timberwolves,Sacramento Kings,MIN,SAC,N. Peković,J. Thompson,L. Ridnour,MIN,SAC,B. Roy,/players/r/roybr01.html,MIN,SAC,N. Peković,/players/p/pekovni01.html,J. Thompson,/players/t/thompja02.html,1
201211020NOH,https://www.basketball-reference.com/boxscores/pbp/201211020NOH.html,New Orleans Hornets,Utah Jazz,NOH,UTA,R. Lopez,A. Jefferson,G. Hayward,UTA,NOH,G. Hayward,/players/h/haywago01.html,UTA,NOH,A. Jefferson,/players/j/jeffeal01.html,R. Lopez,/players/l/lopezro01.html,1
201211020NYK,https://www.basketball-reference.com/boxscores/pbp/201211020NYK.html,New York Knicks,Miami Heat,NYK,MIA,T. Chandler,C. Bosh,R. Felton,NYK,MIA,R. Felton,/players/f/feltora01.html,NYK,MIA,T. Chandler,/players/c/chandty01.html,C. Bosh,/players/b/boshch01.html,1
201211020OKC,https://www.basketball-reference.com/boxscores/pbp/201211020OKC.html,Oklahoma City Thunder,Portland Trail Blazers,OKC,POR,S. Ibaka,J. Hickson,S. Ibaka,OKC,POR,K. Perkins,/players/p/perkike01.html,OKC,POR,S. Ibaka,/players/i/ibakase01.html,J. Hickson,/players/h/hicksjj01.html,1
201211020PHO,https://www.basketball-reference.com/boxscores/pbp/201211020PHO.html,Phoenix Suns,Detroit Pistons,PHO,DET,M. Gortat,G. Monroe,J. Maxiell,PHO,DET,G. Dragić,/players/d/dragigo01.html,DET,PHO,M. Gortat,/players/g/gortama01.html,G. Monroe,/players/m/monrogr01.html,0
201211020GSW,https://www.basketball-reference.com/boxscores/pbp/201211020GSW.html,Golden State Warriors,Memphis Grizzlies,GSW,MEM,A. Bogut,M. Gasol,H. Barnes,MEM,GSW,Z. Randolph,/players/r/randoza01.html,GSW,MEM,M. Gasol,/players/g/gasolma01.html,A. Bogut,/players/b/bogutan01.html,0
201211020LAL,https://www.basketball-reference.com/boxscores/pbp/201211020LAL.html,Los Angeles Lakers,Los Angeles Clippers,LAL,LAC,D. Howard,D. Jordan,D. Howard,LAC,LAL,B. Griffin,/players/g/griffbl01.html,LAL,LAC,D. Jordan,/players/j/jordade01.html,D. Howard,/players/h/howardw01.html,0
201211030IND,https://www.basketball-reference.com/boxscores/pbp/201211030IND.html,Indiana Pacers,Sacramento Kings,IND,SAC,R. Hibbert,J. Thompson,D. West,IND,SAC,G. Green,/players/g/greenge01.html,IND,SAC,R. Hibbert,/players/h/hibbero01.html,J. Thompson,/players/t/thompja02.html,1
201211030WAS,https://www.basketball-reference.com/boxscores/pbp/201211030WAS.html,Washington Wizards,Boston Celtics,WAS,BOS,E. Okafor,K. Garnett,P. Pierce,BOS,WAS,J. Sullinger,/players/s/sullija01.html,BOS,WAS,K. Garnett,/players/g/garneke01.html,E. Okafor,/players/o/okafoem01.html,1
201211030BRK,https://www.basketball-reference.com/boxscores/pbp/201211030BRK.html,Brooklyn Nets,Toronto Raptors,BRK,TOR,B. Lopez,J. Valančiūnas,D. Williams,BRK,TOR,K. Humphries,/players/h/humphkr01.html,BRK,TOR,B. Lopez,/players/l/lopezbr01.html,J. Valančiūnas,/players/v/valanjo01.html,1
201211030MIA,https://www.basketball-reference.com/boxscores/pbp/201211030MIA.html,Miami Heat,Denver Nuggets,MIA,DEN,C. Bosh,K. Koufos,A. Iguodala,MIA,DEN,M. Chalmers,/players/c/chalmma01.html,DEN,MIA,C. Bosh,/players/b/boshch01.html,K. Koufos,/players/k/koufoko01.html,0
201211030CHI,https://www.basketball-reference.com/boxscores/pbp/201211030CHI.html,Chicago Bulls,New Orleans Hornets,CHI,NOH,J. Noah,R. Lopez,R. Lopez,CHI,NOH,K. Hinrich,/players/h/hinriki01.html,NOH,CHI,J. Noah,/players/n/noahjo01.html,R. Lopez,/players/l/lopezro01.html,0
201211030HOU,https://www.basketball-reference.com/boxscores/pbp/201211030HOU.html,Houston Rockets,Portland Trail Blazers,HOU,POR,Ö. Aşık,J. Hickson,J. Harden,POR,HOU,W. Matthews,/players/m/matthwe02.html,HOU,POR,J. Hickson,/players/h/hicksjj01.html,Ö. Aşık,/players/a/asikom01.html,0
201211030DAL,https://www.basketball-reference.com/boxscores/pbp/201211030DAL.html,Dallas Mavericks,Charlotte Bobcats,DAL,CHA,B. Wright,B. Haywood,M. Kidd-Gilchrist,DAL,CHA,S. Marion,/players/m/mariosh01.html,CHA,DAL,B. Wright,/players/w/wrighbr03.html,B. Haywood,/players/h/haywobr01.html,0
201211030MIL,https://www.basketball-reference.com/boxscores/pbp/201211030MIL.html,Milwaukee Bucks,Cleveland Cavaliers,MIL,CLE,S. Dalembert,A. Varejão,M. Ellis,MIL,CLE,B. Jennings,/players/j/jennibr01.html,MIL,CLE,S. Dalembert,/players/d/dalemsa01.html,A. Varejão,/players/v/varejan01.html,1
201211030SAS,https://www.basketball-reference.com/boxscores/pbp/201211030SAS.html,San Antonio Spurs,Utah Jazz,SAS,UTA,T. Duncan,A. Jefferson,D. Green,SAS,UTA,T. Parker,/players/p/parketo01.html,SAS,UTA,T. Duncan,/players/d/duncati01.html,A. Jefferson,/players/j/jeffeal01.html,1
201211030LAC,https://www.basketball-reference.com/boxscores/pbp/201211030LAC.html,Los Angeles Clippers,Golden State Warriors,LAC,GSW,D. Jordan,F. Ezeli,K. Thompson,LAC,GSW,C. Paul,/players/p/paulch01.html,GSW,LAC,D. Jordan,/players/j/jordade01.html,F. Ezeli,/players/e/ezelife01.html,0
201211040NYK,https://www.basketball-reference.com/boxscores/pbp/201211040NYK.html,New York Knicks,Philadelphia 76ers,NYK,PHI,T. Chandler,L. Allen,J. Holiday,NYK,PHI,R. Felton,/players/f/feltora01.html,PHI,NYK,T. Chandler,/players/c/chandty01.html,L. Allen,/players/a/allenla01.html,0
201211040ORL,https://www.basketball-reference.com/boxscores/pbp/201211040ORL.html,Orlando Magic,Phoenix Suns,ORL,PHO,N. Vučević,M. Gortat,J. Dudley,ORL,PHO,G. Davis,/players/d/davisgl01.html,PHO,ORL,N. Vučević,/players/v/vucevni01.html,M. Gortat,/players/g/gortama01.html,0
201211040TOR,https://www.basketball-reference.com/boxscores/pbp/201211040TOR.html,Toronto Raptors,Minnesota Timberwolves,TOR,MIN,J. Valančiūnas,N. Peković,N. Peković,TOR,MIN,A. Bargnani,/players/b/bargnan01.html,MIN,TOR,J. Valančiūnas,/players/v/valanjo01.html,N. Peković,/players/p/pekovni01.html,0
201211040OKC,https://www.basketball-reference.com/boxscores/pbp/201211040OKC.html,Oklahoma City Thunder,Atlanta Hawks,OKC,ATL,S. Ibaka,A. Tolliver,A. Horford,ATL,OKC,A. Horford,/players/h/horfoal01.html,ATL,OKC,A. Tolliver,/players/t/tollian01.html,S. Ibaka,/players/i/ibakase01.html,1
201211040LAL,https://www.basketball-reference.com/boxscores/pbp/201211040LAL.html,Los Angeles Lakers,Detroit Pistons,LAL,DET,D. Howard,G. Monroe,P. Gasol,LAL,DET,S. Blake,/players/b/blakest01.html,LAL,DET,D. Howard,/players/h/howardw01.html,G. Monroe,/players/m/monrogr01.html,1
201211050PHI,https://www.basketball-reference.com/boxscores/pbp/201211050PHI.html,Philadelphia 76ers,New York Knicks,PHI,NYK,K. Brown,T. Chandler,T. Young,PHI,NYK,D. Wright,/players/w/wrighdo01.html,PHI,NYK,K. Brown,/players/b/brownkw01.html,T. Chandler,/players/c/chandty01.html,1
201211050BRK,https://www.basketball-reference.com/boxscores/pbp/201211050BRK.html,Brooklyn Nets,Minnesota Timberwolves,BRK,MIN,B. Lopez,N. Peković,K. Bogans,MIN,BRK,L. Ridnour,/players/r/ridnolu01.html,BRK,MIN,N. Peković,/players/p/pekovni01.html,B. Lopez,/players/l/lopezbr01.html,0
201211050MIA,https://www.basketball-reference.com/boxscores/pbp/201211050MIA.html,Miami Heat,Phoenix Suns,MIA,PHO,C. Bosh,M. Gortat,C. Bosh,MIA,PHO,M. Chalmers,/players/c/chalmma01.html,MIA,PHO,C. Bosh,/players/b/boshch01.html,M. Gortat,/players/g/gortama01.html,1
201211050MEM,https://www.basketball-reference.com/boxscores/pbp/201211050MEM.html,Memphis Grizzlies,Utah Jazz,MEM,UTA,M. Gasol,A. Jefferson,M. Williams,MEM,UTA,R. Gay,/players/g/gayru01.html,UTA,MEM,M. Gasol,/players/g/gasolma01.html,A. Jefferson,/players/j/jeffeal01.html,0
201211050DAL,https://www.basketball-reference.com/boxscores/pbp/201211050DAL.html,Dallas Mavericks,Portland Trail Blazers,DAL,POR,B. Wright,J. Hickson,O. Mayo,DAL,POR,D. Collison,/players/c/collida01.html,DAL,POR,B. Wright,/players/w/wrighbr03.html,J. Hickson,/players/h/hicksjj01.html,1
201211050SAS,https://www.basketball-reference.com/boxscores/pbp/201211050SAS.html,San Antonio Spurs,Indiana Pacers,SAS,IND,T. Duncan,R. Hibbert,T. Duncan,SAS,IND,T. Parker,/players/p/parketo01.html,SAS,IND,T. Duncan,/players/d/duncati01.html,R. Hibbert,/players/h/hibbero01.html,1
201211050SAC,https://www.basketball-reference.com/boxscores/pbp/201211050SAC.html,Sacramento Kings,Golden State Warriors,SAC,GSW,J. Thompson,A. Bogut,D. Cousins,SAC,GSW,T. Evans,/players/e/evansty01.html,SAC,GSW,J. Thompson,/players/t/thompja02.html,A. Bogut,/players/b/bogutan01.html,1
201211050LAC,https://www.basketball-reference.com/boxscores/pbp/201211050LAC.html,Los Angeles Clippers,Cleveland Cavaliers,LAC,CLE,D. Jordan,A. Varejão,D. Jordan,LAC,CLE,C. Paul,/players/p/paulch01.html,LAC,CLE,D. Jordan,/players/j/jordade01.html,A. Varejão,/players/v/varejan01.html,1
201211060CHI,https://www.basketball-reference.com/boxscores/pbp/201211060CHI.html,Chicago Bulls,Orlando Magic,CHI,ORL,J. Noah,N. Vučević,C. Boozer,CHI,ORL,K. Hinrich,/players/h/hinriki01.html,CHI,ORL,J. Noah,/players/n/noahjo01.html,N. Vučević,/players/v/vucevni01.html,1
201211060OKC,https://www.basketball-reference.com/boxscores/pbp/201211060OKC.html,Oklahoma City Thunder,Toronto Raptors,OKC,TOR,S. Ibaka,J. Valančiūnas,R. Westbrook,TOR,OKC,K. Lowry,/players/l/lowryky01.html,OKC,TOR,J. Valančiūnas,/players/v/valanjo01.html,S. Ibaka,/players/i/ibakase01.html,0
201211060DEN,https://www.basketball-reference.com/boxscores/pbp/201211060DEN.html,Denver Nuggets,Detroit Pistons,DEN,DET,K. Koufos,G. Monroe,D. Gallinari,DEN,DET,D. Gallinari,/players/g/gallida01.html,DEN,DET,K. Koufos,/players/k/koufoko01.html,G. Monroe,/players/m/monrogr01.html,1
201211070CHA,https://www.basketball-reference.com/boxscores/pbp/201211070CHA.html,Charlotte Bobcats,Phoenix Suns,CHA,PHO,B. Haywood,M. Gortat,M. Gortat,PHO,CHA,L. Scola,/players/s/scolalu01.html,PHO,CHA,M. Gortat,/players/g/gortama01.html,B. Haywood,/players/h/haywobr01.html,1
201211070ATL,https://www.basketball-reference.com/boxscores/pbp/201211070ATL.html,Atlanta Hawks,Indiana Pacers,ATL,IND,J. Smith,R. Hibbert,D. West,IND,ATL,S. Young,/players/y/youngsa01.html,IND,ATL,R. Hibbert,/players/h/hibbero01.html,J. Smith,/players/s/smithjo03.html,1
201211070BOS,https://www.basketball-reference.com/boxscores/pbp/201211070BOS.html,Boston Celtics,Washington Wizards,BOS,WAS,K. Garnett,E. Okafor,P. Pierce,BOS,WAS,J. Sullinger,/players/s/sullija01.html,BOS,WAS,K. Garnett,/players/g/garneke01.html,E. Okafor,/players/o/okafoem01.html,1
201211070MIA,https://www.basketball-reference.com/boxscores/pbp/201211070MIA.html,Miami Heat,Brooklyn Nets,MIA,BRK,C. Bosh,B. Lopez,L. James,MIA,BRK,M. Chalmers,/players/c/chalmma01.html,MIA,BRK,C. Bosh,/players/b/boshch01.html,B. Lopez,/players/l/lopezbr01.html,1
201211070HOU,https://www.basketball-reference.com/boxscores/pbp/201211070HOU.html,Houston Rockets,Denver Nuggets,HOU,DEN,Ö. Aşık,K. Koufos,D. Gallinari,DEN,HOU,T. Lawson,/players/l/lawsoty01.html,DEN,HOU,K. Koufos,/players/k/koufoko01.html,Ö. Aşık,/players/a/asikom01.html,1
201211070MIL,https://www.basketball-reference.com/boxscores/pbp/201211070MIL.html,Milwaukee Bucks,Memphis Grizzlies,MIL,MEM,S. Dalembert,M. Gasol,R. Gay,MEM,MIL,T. Allen,/players/a/allento01.html,MEM,MIL,M. Gasol,/players/g/gasolma01.html,S. Dalembert,/players/d/dalemsa01.html,1
201211070MIN,https://www.basketball-reference.com/boxscores/pbp/201211070MIN.html,Minnesota Timberwolves,Orlando Magic,MIN,ORL,N. Peković,N. Vučević,N. Peković,MIN,ORL,L. Ridnour,/players/r/ridnolu01.html,MIN,ORL,N. Peković,/players/p/pekovni01.html,N. Vučević,/players/v/vucevni01.html,1
201211070NOH,https://www.basketball-reference.com/boxscores/pbp/201211070NOH.html,New Orleans Hornets,Philadelphia 76ers,NOH,PHI,R. Lopez,L. Allen,T. Young,NOH,PHI,R. Anderson,/players/a/anderry01.html,PHI,NOH,R. Lopez,/players/l/lopezro01.html,L. Allen,/players/a/allenla01.html,0
201211070DAL,https://www.basketball-reference.com/boxscores/pbp/201211070DAL.html,Dallas Mavericks,Toronto Raptors,DAL,TOR,B. Wright,J. Valančiūnas,D. DeRozan,DAL,TOR,J. Crowder,/players/c/crowdja01.html,TOR,DAL,B. Wright,/players/w/wrighbr03.html,J. Valančiūnas,/players/v/valanjo01.html,0
201211070UTA,https://www.basketball-reference.com/boxscores/pbp/201211070UTA.html,Utah Jazz,Los Angeles Lakers,UTA,LAL,A. Jefferson,D. Howard,G. Hayward,UTA,LAL,M. Williams,/players/w/willima01.html,UTA,LAL,A. Jefferson,/players/j/jeffeal01.html,D. Howard,/players/h/howardw01.html,1
201211070SAC,https://www.basketball-reference.com/boxscores/pbp/201211070SAC.html,Sacramento Kings,Detroit Pistons,SAC,DET,J. Thompson,G. Monroe,T. Evans,SAC,DET,I. Thomas,/players/t/thomais02.html,SAC,DET,J. Thompson,/players/t/thompja02.html,G. Monroe,/players/m/monrogr01.html,1
201211070GSW,https://www.basketball-reference.com/boxscores/pbp/201211070GSW.html,Golden State Warriors,Cleveland Cavaliers,GSW,CLE,A. Bogut,T. Thompson,S. Curry,GSW,CLE,S. Curry,/players/c/curryst01.html,GSW,CLE,A. Bogut,/players/b/bogutan01.html,T. Thompson,/players/t/thomptr01.html,1
201211070LAC,https://www.basketball-reference.com/boxscores/pbp/201211070LAC.html,Los Angeles Clippers,San Antonio Spurs,LAC,SAS,D. Jordan,T. Duncan,D. Green,LAC,SAS,B. Griffin,/players/g/griffbl01.html,SAS,LAC,D. Jordan,/players/j/jordade01.html,T. Duncan,/players/d/duncati01.html,0
201211080CHI,https://www.basketball-reference.com/boxscores/pbp/201211080CHI.html,Chicago Bulls,Oklahoma City Thunder,CHI,OKC,J. Noah,S. Ibaka,J. Noah,OKC,CHI,K. Perkins,/players/p/perkike01.html,CHI,OKC,S. Ibaka,/players/i/ibakase01.html,J. Noah,/players/n/noahjo01.html,0
201211080POR,https://www.basketball-reference.com/boxscores/pbp/201211080POR.html,Portland Trail Blazers,Los Angeles Clippers,POR,LAC,J. Hickson,D. Jordan,C. Butler,LAC,POR,C. Paul,/players/p/paulch01.html,LAC,POR,D. Jordan,/players/j/jordade01.html,J. Hickson,/players/h/hicksjj01.html,1
201211090ORL,https://www.basketball-reference.com/boxscores/pbp/201211090ORL.html,Orlando Magic,Brooklyn Nets,ORL,BRK,N. Vučević,B. Lopez,B. Lopez,BRK,ORL,D. Williams,/players/w/willide01.html,BRK,ORL,B. Lopez,/players/l/lopezbr01.html,N. Vučević,/players/v/vucevni01.html,1
201211090WAS,https://www.basketball-reference.com/boxscores/pbp/201211090WAS.html,Washington Wizards,Milwaukee Bucks,WAS,MIL,E. Okafor,S. Dalembert,B. Beal,MIL,WAS,E. İlyasova,/players/i/ilyaser01.html,WAS,MIL,S. Dalembert,/players/d/dalemsa01.html,E. Okafor,/players/o/okafoem01.html,0
201211090ATL,https://www.basketball-reference.com/boxscores/pbp/201211090ATL.html,Atlanta Hawks,Miami Heat,ATL,MIA,J. Smith,C. Bosh,L. James,ATL,MIA,J. Teague,/players/t/teaguje01.html,MIA,ATL,J. Smith,/players/s/smithjo03.html,C. Bosh,/players/b/boshch01.html,0
201211090BOS,https://www.basketball-reference.com/boxscores/pbp/201211090BOS.html,Boston Celtics,Philadelphia 76ers,BOS,PHI,K. Garnett,L. Allen,P. Pierce,BOS,PHI,J. Sullinger,/players/s/sullija01.html,BOS,PHI,K. Garnett,/players/g/garneke01.html,L. Allen,/players/a/allenla01.html,1
201211090NYK,https://www.basketball-reference.com/boxscores/pbp/201211090NYK.html,New York Knicks,Dallas Mavericks,NYK,DAL,T. Chandler,B. Wright,O. Mayo,DAL,NYK,J. Crowder,/players/c/crowdja01.html,DAL,NYK,B. Wright,/players/w/wrighbr03.html,T. Chandler,/players/c/chandty01.html,1
201211090MEM,https://www.basketball-reference.com/boxscores/pbp/201211090MEM.html,Memphis Grizzlies,Houston Rockets,MEM,HOU,M. Gasol,Ö. Aşık,J. Lin,HOU,MEM,P. Patterson,/players/p/pattepa01.html,HOU,MEM,Ö. Aşık,/players/a/asikom01.html,M. Gasol,/players/g/gasolma01.html,1
201211090MIN,https://www.basketball-reference.com/boxscores/pbp/201211090MIN.html,Minnesota Timberwolves,Indiana Pacers,MIN,IND,N. Peković,R. Hibbert,R. Hibbert,MIN,IND,A. Kirilenko,/players/k/kirilan01.html,IND,MIN,N. Peković,/players/p/pekovni01.html,R. Hibbert,/players/h/hibbero01.html,0
201211090NOH,https://www.basketball-reference.com/boxscores/pbp/201211090NOH.html,New Orleans Hornets,Charlotte Bobcats,NOH,CHA,R. Lopez,B. Biyombo,R. Lopez,CHA,NOH,B. Mullens,/players/m/mulleby01.html,NOH,CHA,B. Biyombo,/players/b/biyombi01.html,R. Lopez,/players/l/lopezro01.html,0
201211090OKC,https://www.basketball-reference.com/boxscores/pbp/201211090OKC.html,Oklahoma City Thunder,Detroit Pistons,OKC,DET,S. Ibaka,G. Monroe,T. Prince,DET,OKC,T. Prince,/players/p/princta01.html,DET,OKC,G. Monroe,/players/m/monrogr01.html,S. Ibaka,/players/i/ibakase01.html,1
201211090PHO,https://www.basketball-reference.com/boxscores/pbp/201211090PHO.html,Phoenix Suns,Cleveland Cavaliers,PHO,CLE,M. Gortat,A. Varejão,A. Gee,CLE,PHO,K. Irving,/players/i/irvinky01.html,CLE,PHO,A. Varejão,/players/v/varejan01.html,M. Gortat,/players/g/gortama01.html,1
201211090SAC,https://www.basketball-reference.com/boxscores/pbp/201211090SAC.html,Sacramento Kings,San Antonio Spurs,SAC,SAS,J. Thompson,T. Duncan,T. Duncan,SAS,SAC,K. Leonard,/players/l/leonaka01.html,SAS,SAC,T. Duncan,/players/d/duncati01.html,J. Thompson,/players/t/thompja02.html,1
201211090DEN,https://www.basketball-reference.com/boxscores/pbp/201211090DEN.html,Denver Nuggets,Utah Jazz,DEN,UTA,K. Koufos,A. Jefferson,P. Millsap,DEN,UTA,D. Gallinari,/players/g/gallida01.html,UTA,DEN,K. Koufos,/players/k/koufoko01.html,A. Jefferson,/players/j/jeffeal01.html,0
201211090LAL,https://www.basketball-reference.com/boxscores/pbp/201211090LAL.html,Los Angeles Lakers,Golden State Warriors,LAL,GSW,D. Howard,F. Ezeli,H. Barnes,LAL,GSW,S. Blake,/players/b/blakest01.html,GSW,LAL,D. Howard,/players/h/howardw01.html,F. Ezeli,/players/e/ezelife01.html,0
201211100IND,https://www.basketball-reference.com/boxscores/pbp/201211100IND.html,Indiana Pacers,Washington Wizards,IND,WAS,R. Hibbert,E. Okafor,B. Beal,IND,WAS,G. Hill,/players/h/hillge01.html,WAS,IND,R. Hibbert,/players/h/hibbero01.html,E. Okafor,/players/o/okafoem01.html,0
201211100TOR,https://www.basketball-reference.com/boxscores/pbp/201211100TOR.html,Toronto Raptors,Philadelphia 76ers,TOR,PHI,J. Valančiūnas,L. Allen,J. Valančiūnas,TOR,PHI,J. Calderón,/players/c/caldejo01.html,TOR,PHI,J. Valančiūnas,/players/v/valanjo01.html,L. Allen,/players/a/allenla01.html,1
201211100CHA,https://www.basketball-reference.com/boxscores/pbp/201211100CHA.html,Charlotte Bobcats,Dallas Mavericks,CHA,DAL,B. Haywood,B. Wright,B. Wright,DAL,CHA,O. Mayo,/players/m/mayooj01.html,DAL,CHA,B. Wright,/players/w/wrighbr03.html,B. Haywood,/players/h/haywobr01.html,1
201211100CHI,https://www.basketball-reference.com/boxscores/pbp/201211100CHI.html,Chicago Bulls,Minnesota Timberwolves,CHI,MIN,J. Noah,N. Peković,N. Peković,CHI,MIN,K. Hinrich,/players/h/hinriki01.html,MIN,CHI,J. Noah,/players/n/noahjo01.html,N. Peković,/players/p/pekovni01.html,0
201211100HOU,https://www.basketball-reference.com/boxscores/pbp/201211100HOU.html,Houston Rockets,Detroit Pistons,HOU,DET,Ö. Aşık,G. Monroe,R. Stuckey,DET,HOU,B. Knight,/players/k/knighbr03.html,DET,HOU,G. Monroe,/players/m/monrogr01.html,Ö. Aşık,/players/a/asikom01.html,1
201211100MIL,https://www.basketball-reference.com/boxscores/pbp/201211100MIL.html,Milwaukee Bucks,Boston Celtics,MIL,BOS,S. Dalembert,K. Garnett,T. Harris,MIL,BOS,E. İlyasova,/players/i/ilyaser01.html,MIL,BOS,S. Dalembert,/players/d/dalemsa01.html,K. Garnett,/players/g/garneke01.html,1
201211100UTA,https://www.basketball-reference.com/boxscores/pbp/201211100UTA.html,Utah Jazz,Phoenix Suns,UTA,PHO,A. Jefferson,M. Gortat,P. Millsap,PHO,UTA,M. Gortat,/players/g/gortama01.html,UTA,PHO,M. Gortat,/players/g/gortama01.html,A. Jefferson,/players/j/jeffeal01.html,0
201211100POR,https://www.basketball-reference.com/boxscores/pbp/201211100POR.html,Portland Trail Blazers,San Antonio Spurs,POR,SAS,J. Hickson,T. Duncan,D. Green,SAS,POR,P. Mills,/players/m/millspa02.html,SAS,POR,T. Duncan,/players/d/duncati01.html,J. Hickson,/players/h/hicksjj01.html,1
201211100GSW,https://www.basketball-reference.com/boxscores/pbp/201211100GSW.html,Golden State Warriors,Denver Nuggets,GSW,DEN,F. Ezeli,K. Koufos,H. Barnes,GSW,DEN,S. Curry,/players/c/curryst01.html,GSW,DEN,F. Ezeli,/players/e/ezelife01.html,K. Koufos,/players/k/koufoko01.html,1
201211110BRK,https://www.basketball-reference.com/boxscores/pbp/201211110BRK.html,Brooklyn Nets,Orlando Magic,BRK,ORL,B. Lopez,N. Vučević,N. Vučević,BRK,ORL,D. Williams,/players/w/willide01.html,ORL,BRK,B. Lopez,/players/l/lopezbr01.html,N. Vučević,/players/v/vucevni01.html,0
201211110LAC,https://www.basketball-reference.com/boxscores/pbp/201211110LAC.html,Los Angeles Clippers,Atlanta Hawks,LAC,ATL,D. Jordan,J. Smith,W. Green,LAC,ATL,C. Paul,/players/p/paulch01.html,LAC,ATL,D. Jordan,/players/j/jordade01.html,J. Smith,/players/s/smithjo03.html,1
201211110MEM,https://www.basketball-reference.com/boxscores/pbp/201211110MEM.html,Memphis Grizzlies,Miami Heat,MEM,MIA,M. Gasol,C. Bosh,R. Gay,MEM,MIA,Z. Randolph,/players/r/randoza01.html,MEM,MIA,M. Gasol,/players/g/gasolma01.html,C. Bosh,/players/b/boshch01.html,1
201211110OKC,https://www.basketball-reference.com/boxscores/pbp/201211110OKC.html,Oklahoma City Thunder,Cleveland Cavaliers,OKC,CLE,S. Ibaka,A. Varejão,R. Westbrook,OKC,CLE,K. Durant,/players/d/duranke01.html,OKC,CLE,S. Ibaka,/players/i/ibakase01.html,A. Varejão,/players/v/varejan01.html,1
201211110LAL,https://www.basketball-reference.com/boxscores/pbp/201211110LAL.html,Los Angeles Lakers,Sacramento Kings,LAL,SAC,D. Howard,J. Thompson,I. Thomas,LAL,SAC,S. Blake,/players/b/blakest01.html,SAC,LAL,D. Howard,/players/h/howardw01.html,J. Thompson,/players/t/thompja02.html,0
201211120PHI,https://www.basketball-reference.com/boxscores/pbp/201211120PHI.html,Philadelphia 76ers,Milwaukee Bucks,PHI,MIL,L. Allen,S. Dalembert,J. Richardson,PHI,MIL,J. Richardson,/players/r/richaja01.html,PHI,MIL,L. Allen,/players/a/allenla01.html,S. Dalembert,/players/d/dalemsa01.html,1
201211120TOR,https://www.basketball-reference.com/boxscores/pbp/201211120TOR.html,Toronto Raptors,Utah Jazz,TOR,UTA,J. Valančiūnas,A. Jefferson,J. Valančiūnas,TOR,UTA,A. Bargnani,/players/b/bargnan01.html,TOR,UTA,J. Valančiūnas,/players/v/valanjo01.html,A. Jefferson,/players/j/jeffeal01.html,1
201211120DET,https://www.basketball-reference.com/boxscores/pbp/201211120DET.html,Detroit Pistons,Oklahoma City Thunder,DET,OKC,G. Monroe,S. Ibaka,R. Westbrook,DET,OKC,J. Maxiell,/players/m/maxieja01.html,OKC,DET,G. Monroe,/players/m/monrogr01.html,S. Ibaka,/players/i/ibakase01.html,0
201211120CHI,https://www.basketball-reference.com/boxscores/pbp/201211120CHI.html,Chicago Bulls,Boston Celtics,CHI,BOS,J. Noah,K. Garnett,J. Terry,BOS,CHI,J. Terry,/players/t/terryja01.html,BOS,CHI,K. Garnett,/players/g/garneke01.html,J. Noah,/players/n/noahjo01.html,1
201211120HOU,https://www.basketball-reference.com/boxscores/pbp/201211120HOU.html,Houston Rockets,Miami Heat,HOU,MIA,Ö. Aşık,C. Bosh,M. Chalmers,MIA,HOU,M. Chalmers,/players/c/chalmma01.html,MIA,HOU,C. Bosh,/players/b/boshch01.html,Ö. Aşık,/players/a/asikom01.html,1
201211120DAL,https://www.basketball-reference.com/boxscores/pbp/201211120DAL.html,Dallas Mavericks,Minnesota Timberwolves,DAL,MIN,B. Wright,N. Peković,A. Kirilenko,MIN,DAL,L. Ridnour,/players/r/ridnolu01.html,MIN,DAL,N. Peković,/players/p/pekovni01.html,B. Wright,/players/w/wrighbr03.html,1
201211120PHO,https://www.basketball-reference.com/boxscores/pbp/201211120PHO.html,Phoenix Suns,Denver Nuggets,PHO,DEN,M. Gortat,K. Koufos,A. Iguodala,DEN,PHO,T. Lawson,/players/l/lawsoty01.html,DEN,PHO,K. Koufos,/players/k/koufoko01.html,M. Gortat,/players/g/gortama01.html,1
201211120POR,https://www.basketball-reference.com/boxscores/pbp/201211120POR.html,Portland Trail Blazers,Atlanta Hawks,POR,ATL,J. Hickson,J. Smith,K. Korver,ATL,POR,D. Stevenson,/players/s/stevede01.html,ATL,POR,J. Smith,/players/s/smithjo03.html,J. Hickson,/players/h/hicksjj01.html,1
201211130CHA,https://www.basketball-reference.com/boxscores/pbp/201211130CHA.html,Charlotte Bobcats,Washington Wizards,CHA,WAS,B. Haywood,E. Okafor,T. Ariza,WAS,CHA,T. Booker,/players/b/booketr01.html,WAS,CHA,E. Okafor,/players/o/okafoem01.html,B. Haywood,/players/h/haywobr01.html,1
201211130IND,https://www.basketball-reference.com/boxscores/pbp/201211130IND.html,Indiana Pacers,Toronto Raptors,IND,TOR,R. Hibbert,J. Valančiūnas,L. Stephenson,TOR,IND,A. Bargnani,/players/b/bargnan01.html,IND,TOR,J. Valančiūnas,/players/v/valanjo01.html,R. Hibbert,/players/h/hibbero01.html,0
201211130ORL,https://www.basketball-reference.com/boxscores/pbp/201211130ORL.html,Orlando Magic,New York Knicks,ORL,NYK,N. Vučević,T. Chandler,A. Afflalo,NYK,ORL,R. Felton,/players/f/feltora01.html,ORL,NYK,T. Chandler,/players/c/chandty01.html,N. Vučević,/players/v/vucevni01.html,0
201211130BRK,https://www.basketball-reference.com/boxscores/pbp/201211130BRK.html,Brooklyn Nets,Cleveland Cavaliers,BRK,CLE,B. Lopez,A. Varejão,T. Thompson,CLE,BRK,K. Irving,/players/i/irvinky01.html,CLE,BRK,A. Varejão,/players/v/varejan01.html,B. Lopez,/players/l/lopezbr01.html,1
201211130SAC,https://www.basketball-reference.com/boxscores/pbp/201211130SAC.html,Sacramento Kings,Portland Trail Blazers,SAC,POR,J. Thompson,J. Hickson,T. Evans,POR,SAC,L. Aldridge,/players/a/aldrila01.html,SAC,POR,J. Hickson,/players/h/hicksjj01.html,J. Thompson,/players/t/thompja02.html,0
201211130LAL,https://www.basketball-reference.com/boxscores/pbp/201211130LAL.html,Los Angeles Lakers,San Antonio Spurs,LAL,SAS,D. Howard,T. Duncan,K. Bryant,LAL,SAS,D. Morris,/players/m/morrida01.html,LAL,SAS,D. Howard,/players/h/howardw01.html,T. Duncan,/players/d/duncati01.html,1
201211140PHI,https://www.basketball-reference.com/boxscores/pbp/201211140PHI.html,Philadelphia 76ers,Detroit Pistons,PHI,DET,K. Brown,G. Monroe,E. Turner,DET,PHI,J. Maxiell,/players/m/maxieja01.html,PHI,DET,G. Monroe,/players/m/monrogr01.html,K. Brown,/players/b/brownkw01.html,0
201211140BOS,https://www.basketball-reference.com/boxscores/pbp/201211140BOS.html,Boston Celtics,Utah Jazz,BOS,UTA,K. Garnett,A. Jefferson,R. Rondo,UTA,BOS,P. Millsap,/players/m/millspa01.html,BOS,UTA,A. Jefferson,/players/j/jeffeal01.html,K. Garnett,/players/g/garneke01.html,0
201211140HOU,https://www.basketball-reference.com/boxscores/pbp/201211140HOU.html,Houston Rockets,New Orleans Hornets,HOU,NOH,Ö. Aşık,R. Lopez,Ö. Aşık,NOH,HOU,A. Davis,/players/d/davisan02.html,HOU,NOH,R. Lopez,/players/l/lopezro01.html,Ö. Aşık,/players/a/asikom01.html,0
201211140MIL,https://www.basketball-reference.com/boxscores/pbp/201211140MIL.html,Milwaukee Bucks,Indiana Pacers,MIL,IND,S. Dalembert,R. Hibbert,T. Harris,MIL,IND,E. İlyasova,/players/i/ilyaser01.html,MIL,IND,S. Dalembert,/players/d/dalemsa01.html,R. Hibbert,/players/h/hibbero01.html,1
201211140MIN,https://www.basketball-reference.com/boxscores/pbp/201211140MIN.html,Minnesota Timberwolves,Charlotte Bobcats,MIN,CHA,G. Stiemsma,B. Haywood,J. Taylor,MIN,CHA,A. Kirilenko,/players/k/kirilan01.html,CHA,MIN,G. Stiemsma,/players/s/stiemgr01.html,B. Haywood,/players/h/haywobr01.html,0
201211140OKC,https://www.basketball-reference.com/boxscores/pbp/201211140OKC.html,Oklahoma City Thunder,Memphis Grizzlies,OKC,MEM,S. Ibaka,M. Gasol,R. Gay,OKC,MEM,K. Perkins,/players/p/perkike01.html,MEM,OKC,S. Ibaka,/players/i/ibakase01.html,M. Gasol,/players/g/gasolma01.html,0
201211140DAL,https://www.basketball-reference.com/boxscores/pbp/201211140DAL.html,Dallas Mavericks,Washington Wizards,DAL,WAS,C. Kaman,E. Okafor,C. Kaman,WAS,DAL,T. Booker,/players/b/booketr01.html,DAL,WAS,E. Okafor,/players/o/okafoem01.html,C. Kaman,/players/k/kamanch01.html,0
201211140PHO,https://www.basketball-reference.com/boxscores/pbp/201211140PHO.html,Phoenix Suns,Chicago Bulls,PHO,CHI,M. Gortat,J. Noah,C. Boozer,CHI,PHO,K. Hinrich,/players/h/hinriki01.html,CHI,PHO,J. Noah,/players/n/noahjo01.html,M. Gortat,/players/g/gortama01.html,1
201211140GSW,https://www.basketball-reference.com/boxscores/pbp/201211140GSW.html,Golden State Warriors,Atlanta Hawks,GSW,ATL,F. Ezeli,J. Smith,J. Smith,GSW,ATL,H. Barnes,/players/b/barneha02.html,ATL,GSW,F. Ezeli,/players/e/ezelife01.html,J. Smith,/players/s/smithjo03.html,0
201211140LAC,https://www.basketball-reference.com/boxscores/pbp/201211140LAC.html,Los Angeles Clippers,Miami Heat,LAC,MIA,D. Jordan,C. Bosh,L. James,MIA,LAC,M. Chalmers,/players/c/chalmma01.html,MIA,LAC,C. Bosh,/players/b/boshch01.html,D. Jordan,/players/j/jordade01.html,1
201211150BRK,https://www.basketball-reference.com/boxscores/pbp/201211150BRK.html,Brooklyn Nets,Boston Celtics,BRK,BOS,B. Lopez,K. Garnett,J. Johnson,BRK,BOS,D. Williams,/players/w/willide01.html,BRK,BOS,B. Lopez,/players/l/lopezbr01.html,K. Garnett,/players/g/garneke01.html,1
201211150SAS,https://www.basketball-reference.com/boxscores/pbp/201211150SAS.html,San Antonio Spurs,New York Knicks,SAS,NYK,T. Duncan,T. Chandler,D. Green,SAS,NYK,K. Leonard,/players/l/leonaka01.html,SAS,NYK,T. Duncan,/players/d/duncati01.html,T. Chandler,/players/c/chandty01.html,1
201211150DEN,https://www.basketball-reference.com/boxscores/pbp/201211150DEN.html,Denver Nuggets,Miami Heat,DEN,MIA,K. Koufos,C. Bosh,S. Battier,DEN,MIA,A. Iguodala,/players/i/iguodan01.html,MIA,DEN,K. Koufos,/players/k/koufoko01.html,C. Bosh,/players/b/boshch01.html,0
201211160IND,https://www.basketball-reference.com/boxscores/pbp/201211160IND.html,Indiana Pacers,Dallas Mavericks,IND,DAL,R. Hibbert,C. Kaman,D. West,IND,DAL,G. Hill,/players/h/hillge01.html,IND,DAL,R. Hibbert,/players/h/hibbero01.html,C. Kaman,/players/k/kamanch01.html,1
201211160PHI,https://www.basketball-reference.com/boxscores/pbp/201211160PHI.html,Philadelphia 76ers,Utah Jazz,PHI,UTA,K. Brown,A. Jefferson,A. Jefferson,PHI,UTA,J. Holiday,/players/h/holidjr01.html,UTA,PHI,K. Brown,/players/b/brownkw01.html,A. Jefferson,/players/j/jeffeal01.html,0
201211160DET,https://www.basketball-reference.com/boxscores/pbp/201211160DET.html,Detroit Pistons,Orlando Magic,DET,ORL,G. Monroe,N. Vučević,T. Prince,ORL,DET,J. Nelson,/players/n/nelsoja01.html,DET,ORL,N. Vučević,/players/v/vucevni01.html,G. Monroe,/players/m/monrogr01.html,0
201211160MIN,https://www.basketball-reference.com/boxscores/pbp/201211160MIN.html,Minnesota Timberwolves,Golden State Warriors,MIN,GSW,G. Stiemsma,F. Ezeli,F. Ezeli,GSW,MIN,D. Lee,/players/l/leeda02.html,GSW,MIN,F. Ezeli,/players/e/ezelife01.html,G. Stiemsma,/players/s/stiemgr01.html,1
201211160NOH,https://www.basketball-reference.com/boxscores/pbp/201211160NOH.html,New Orleans Hornets,Oklahoma City Thunder,NOH,OKC,R. Lopez,S. Ibaka,K. Perkins,OKC,NOH,K. Perkins,/players/p/perkike01.html,OKC,NOH,S. Ibaka,/players/i/ibakase01.html,R. Lopez,/players/l/lopezro01.html,1
201211160MEM,https://www.basketball-reference.com/boxscores/pbp/201211160MEM.html,Memphis Grizzlies,New York Knicks,MEM,NYK,M. Gasol,T. Chandler,Z. Randolph,NYK,MEM,R. Felton,/players/f/feltora01.html,MEM,NYK,T. Chandler,/players/c/chandty01.html,M. Gasol,/players/g/gasolma01.html,0
201211160POR,https://www.basketball-reference.com/boxscores/pbp/201211160POR.html,Portland Trail Blazers,Houston Rockets,POR,HOU,J. Hickson,Ö. Aşık,W. Matthews,POR,HOU,D. Lillard,/players/l/lillada01.html,POR,HOU,J. Hickson,/players/h/hicksjj01.html,Ö. Aşık,/players/a/asikom01.html,1
201211160SAC,https://www.basketball-reference.com/boxscores/pbp/201211160SAC.html,Sacramento Kings,Atlanta Hawks,SAC,ATL,J. Thompson,Z. Pachulia,A. Horford,ATL,SAC,J. Teague,/players/t/teaguje01.html,ATL,SAC,Z. Pachulia,/players/p/pachuza01.html,J. Thompson,/players/t/thompja02.html,1
201211160LAL,https://www.basketball-reference.com/boxscores/pbp/201211160LAL.html,Los Angeles Lakers,Phoenix Suns,LAL,PHO,D. Howard,M. Gortat,M. World Peace,LAL,PHO,D. Morris,/players/m/morrida01.html,LAL,PHO,D. Howard,/players/h/howardw01.html,M. Gortat,/players/g/gortama01.html,1
201211170BOS,https://www.basketball-reference.com/boxscores/pbp/201211170BOS.html,Boston Celtics,Toronto Raptors,BOS,TOR,K. Garnett,J. Valančiūnas,K. Garnett,BOS,TOR,J. Terry,/players/t/terryja01.html,BOS,TOR,K. Garnett,/players/g/garneke01.html,J. Valančiūnas,/players/v/valanjo01.html,1
201211170WAS,https://www.basketball-reference.com/boxscores/pbp/201211170WAS.html,Washington Wizards,Utah Jazz,WAS,UTA,E. Okafor,D. Favors,T. Ariza,WAS,UTA,A. Price,/players/p/priceaj01.html,WAS,UTA,E. Okafor,/players/o/okafoem01.html,D. Favors,/players/f/favorde01.html,1
201211170CHA,https://www.basketball-reference.com/boxscores/pbp/201211170CHA.html,Charlotte Bobcats,Memphis Grizzlies,CHA,MEM,B. Haywood,M. Gasol,T. Allen,MEM,CHA,R. Gay,/players/g/gayru01.html,MEM,CHA,M. Gasol,/players/g/gasolma01.html,B. Haywood,/players/h/haywobr01.html,1
201211170CLE,https://www.basketball-reference.com/boxscores/pbp/201211170CLE.html,Cleveland Cavaliers,Dallas Mavericks,CLE,DAL,A. Varejão,C. Kaman,C. Kaman,CLE,DAL,K. Irving,/players/i/irvinky01.html,DAL,CLE,A. Varejão,/players/v/varejan01.html,C. Kaman,/players/k/kamanch01.html,0
201211170MIL,https://www.basketball-reference.com/boxscores/pbp/201211170MIL.html,Milwaukee Bucks,New Orleans Hornets,MIL,NOH,S. Dalembert,R. Lopez,R. Lopez,MIL,NOH,B. Jennings,/players/j/jennibr01.html,NOH,MIL,S. Dalembert,/players/d/dalemsa01.html,R. Lopez,/players/l/lopezro01.html,0
201211170SAS,https://www.basketball-reference.com/boxscores/pbp/201211170SAS.html,San Antonio Spurs,Denver Nuggets,SAS,DEN,T. Duncan,K. Koufos,D. Green,DEN,SAS,D. Gallinari,/players/g/gallida01.html,SAS,DEN,K. Koufos,/players/k/koufoko01.html,T. Duncan,/players/d/duncati01.html,0
201211170LAC,https://www.basketball-reference.com/boxscores/pbp/201211170LAC.html,Los Angeles Clippers,Chicago Bulls,LAC,CHI,D. Jordan,J. Noah,C. Boozer,CHI,LAC,C. Boozer,/players/b/boozeca01.html,CHI,LAC,J. Noah,/players/n/noahjo01.html,D. Jordan,/players/j/jordade01.html,1
201211170PHO,https://www.basketball-reference.com/boxscores/pbp/201211170PHO.html,Phoenix Suns,Miami Heat,PHO,MIA,M. Gortat,C. Bosh,M. Chalmers,MIA,PHO,M. Chalmers,/players/c/chalmma01.html,MIA,PHO,C. Bosh,/players/b/boshch01.html,M. Gortat,/players/g/gortama01.html,1
201211180NYK,https://www.basketball-reference.com/boxscores/pbp/201211180NYK.html,New York Knicks,Indiana Pacers,NYK,IND,T. Chandler,R. Hibbert,C. Anthony,NYK,IND,R. Felton,/players/f/feltora01.html,NYK,IND,T. Chandler,/players/c/chandty01.html,R. Hibbert,/players/h/hibbero01.html,1
201211180TOR,https://www.basketball-reference.com/boxscores/pbp/201211180TOR.html,Toronto Raptors,Orlando Magic,TOR,ORL,J. Valančiūnas,N. Vučević,A. Afflalo,ORL,TOR,J. Nelson,/players/n/nelsoja01.html,ORL,TOR,N. Vučević,/players/v/vucevni01.html,J. Valančiūnas,/players/v/valanjo01.html,1
201211180PHI,https://www.basketball-reference.com/boxscores/pbp/201211180PHI.html,Philadelphia 76ers,Cleveland Cavaliers,PHI,CLE,K. Brown,A. Varejão,E. Turner,CLE,PHI,K. Irving,/players/i/irvinky01.html,PHI,CLE,A. Varejão,/players/v/varejan01.html,K. Brown,/players/b/brownkw01.html,0
201211180SAC,https://www.basketball-reference.com/boxscores/pbp/201211180SAC.html,Sacramento Kings,Brooklyn Nets,SAC,BRK,J. Thompson,B. Lopez,K. Humphries,SAC,BRK,T. Evans,/players/e/evansty01.html,BRK,SAC,J. Thompson,/players/t/thompja02.html,B. Lopez,/players/l/lopezbr01.html,0
201211180OKC,https://www.basketball-reference.com/boxscores/pbp/201211180OKC.html,Oklahoma City Thunder,Golden State Warriors,OKC,GSW,S. Ibaka,F. Ezeli,K. Thompson,GSW,OKC,D. Lee,/players/l/leeda02.html,GSW,OKC,F. Ezeli,/players/e/ezelife01.html,S. Ibaka,/players/i/ibakase01.html,1
201211180DET,https://www.basketball-reference.com/boxscores/pbp/201211180DET.html,Detroit Pistons,Boston Celtics,DET,BOS,,,,,,,,,,,,
201211180POR,https://www.basketball-reference.com/boxscores/pbp/201211180POR.html,Portland Trail Blazers,Chicago Bulls,POR,CHI,J. Hickson,J. Noah,L. Deng,CHI,POR,K. Hinrich,/players/h/hinriki01.html,CHI,POR,J. Noah,/players/n/noahjo01.html,J. Hickson,/players/h/hicksjj01.html,1
201211180LAL,https://www.basketball-reference.com/boxscores/pbp/201211180LAL.html,Los Angeles Lakers,Houston Rockets,LAL,HOU,D. Howard,Ö. Aşık,D. Howard,LAL,HOU,M. World Peace,/players/a/artesro01.html,LAL,HOU,D. Howard,/players/h/howardw01.html,Ö. Aşık,/players/a/asikom01.html,1
201211190CHA,https://www.basketball-reference.com/boxscores/pbp/201211190CHA.html,Charlotte Bobcats,Milwaukee Bucks,CHA,MIL,B. Haywood,S. Dalembert,S. Dalembert,MIL,CHA,B. Jennings,/players/j/jennibr01.html,MIL,CHA,S. Dalembert,/players/d/dalemsa01.html,B. Haywood,/players/h/haywobr01.html,1
201211190WAS,https://www.basketball-reference.com/boxscores/pbp/201211190WAS.html,Washington Wizards,Indiana Pacers,WAS,IND,E. Okafor,R. Hibbert,J. Veselý,WAS,IND,A. Price,/players/p/priceaj01.html,WAS,IND,E. Okafor,/players/o/okafoem01.html,R. Hibbert,/players/h/hibbero01.html,1
201211190ATL,https://www.basketball-reference.com/boxscores/pbp/201211190ATL.html,Atlanta Hawks,Orlando Magic,ATL,ORL,J. Smith,N. Vučević,G. Davis,ATL,ORL,K. Korver,/players/k/korveky01.html,ORL,ATL,J. Smith,/players/s/smithjo03.html,N. Vučević,/players/v/vucevni01.html,0
201211190MEM,https://www.basketball-reference.com/boxscores/pbp/201211190MEM.html,Memphis Grizzlies,Denver Nuggets,MEM,DEN,M. Gasol,K. Koufos,K. Koufos,DEN,MEM,K. Koufos,/players/k/koufoko01.html,DEN,MEM,K. Koufos,/players/k/koufoko01.html,M. Gasol,/players/g/gasolma01.html,1
201211190DAL,https://www.basketball-reference.com/boxscores/pbp/201211190DAL.html,Dallas Mavericks,Golden State Warriors,DAL,GSW,C. Kaman,F. Ezeli,H. Barnes,GSW,DAL,D. Lee,/players/l/leeda02.html,GSW,DAL,F. Ezeli,/players/e/ezelife01.html,C. Kaman,/players/k/kamanch01.html,1
201211190SAS,https://www.basketball-reference.com/boxscores/pbp/201211190SAS.html,San Antonio Spurs,Los Angeles Clippers,SAS,LAC,T. Duncan,D. Jordan,D. Green,SAS,LAC,D. Blair,/players/b/blairde01.html,SAS,LAC,T. Duncan,/players/d/duncati01.html,D. Jordan,/players/j/jordade01.html,1
201211190UTA,https://www.basketball-reference.com/boxscores/pbp/201211190UTA.html,Utah Jazz,Houston Rockets,UTA,HOU,D. Favors,Ö. Aşık,J. Lin,UTA,HOU,A. Jefferson,/players/j/jeffeal01.html,HOU,UTA,D. Favors,/players/f/favorde01.html,Ö. Aşık,/players/a/asikom01.html,0
201211200PHI,https://www.basketball-reference.com/boxscores/pbp/201211200PHI.html,Philadelphia 76ers,Toronto Raptors,PHI,TOR,K. Brown,J. Valančiūnas,J. Valančiūnas,PHI,TOR,T. Young,/players/y/youngth01.html,TOR,PHI,K. Brown,/players/b/brownkw01.html,J. Valančiūnas,/players/v/valanjo01.html,0
201211200NOH,https://www.basketball-reference.com/boxscores/pbp/201211200NOH.html,New Orleans Hornets,New York Knicks,NOH,NYK,R. Lopez,T. Chandler,C. Anthony,NYK,NOH,R. Felton,/players/f/feltora01.html,NYK,NOH,T. Chandler,/players/c/chandty01.html,R. Lopez,/players/l/lopezro01.html,1
201211200LAL,https://www.basketball-reference.com/boxscores/pbp/201211200LAL.html,Los Angeles Lakers,Brooklyn Nets,LAL,BRK,D. Howard,B. Lopez,P. Gasol,LAL,BRK,D. Morris,/players/m/morrida01.html,LAL,BRK,D. Howard,/players/h/howardw01.html,B. Lopez,/players/l/lopezbr01.html,1
201211210CHA,https://www.basketball-reference.com/boxscores/pbp/201211210CHA.html,Charlotte Bobcats,Toronto Raptors,CHA,TOR,B. Mullens,J. Valančiūnas,J. Valančiūnas,CHA,TOR,K. Walker,/players/w/walkeke02.html,TOR,CHA,B. Mullens,/players/m/mulleby01.html,J. Valančiūnas,/players/v/valanjo01.html,0
201211210CLE,https://www.basketball-reference.com/boxscores/pbp/201211210CLE.html,Cleveland Cavaliers,Philadelphia 76ers,CLE,PHI,A. Varejão,K. Brown,E. Turner,CLE,PHI,T. Thompson,/players/t/thomptr01.html,PHI,CLE,A. Varejão,/players/v/varejan01.html,K. Brown,/players/b/brownkw01.html,0
201211210IND,https://www.basketball-reference.com/boxscores/pbp/201211210IND.html,Indiana Pacers,New Orleans Hornets,IND,NOH,R. Hibbert,R. Lopez,A. Aminu,NOH,IND,R. Anderson,/players/a/anderry01.html,NOH,IND,R. Lopez,/players/l/lopezro01.html,R. Hibbert,/players/h/hibbero01.html,1
201211210ORL,https://www.basketball-reference.com/boxscores/pbp/201211210ORL.html,Orlando Magic,Detroit Pistons,ORL,DET,N. Vučević,G. Monroe,J. Maxiell,DET,ORL,T. Prince,/players/p/princta01.html,DET,ORL,G. Monroe,/players/m/monrogr01.html,N. Vučević,/players/v/vucevni01.html,1
201211210ATL,https://www.basketball-reference.com/boxscores/pbp/201211210ATL.html,Atlanta Hawks,Washington Wizards,ATL,WAS,J. Smith,K. Séraphin,K. Korver,ATL,WAS,K. Korver,/players/k/korveky01.html,ATL,WAS,J. Smith,/players/s/smithjo03.html,K. Séraphin,/players/s/serapke01.html,1
201211210BOS,https://www.basketball-reference.com/boxscores/pbp/201211210BOS.html,Boston Celtics,San Antonio Spurs,BOS,SAS,K. Garnett,T. Duncan,R. Rondo,SAS,BOS,D. Blair,/players/b/blairde01.html,BOS,SAS,T. Duncan,/players/d/duncati01.html,K. Garnett,/players/g/garneke01.html,0
201211210MIA,https://www.basketball-reference.com/boxscores/pbp/201211210MIA.html,Miami Heat,Milwaukee Bucks,MIA,MIL,C. Bosh,S. Dalembert,T. Harris,MIL,MIA,E. İlyasova,/players/i/ilyaser01.html,MIL,MIA,S. Dalembert,/players/d/dalemsa01.html,C. Bosh,/players/b/boshch01.html,1
201211210OKC,https://www.basketball-reference.com/boxscores/pbp/201211210OKC.html,Oklahoma City Thunder,Los Angeles Clippers,OKC,LAC,S. Ibaka,D. Jordan,M. Barnes,LAC,OKC,C. Paul,/players/p/paulch01.html,LAC,OKC,D. Jordan,/players/j/jordade01.html,S. Ibaka,/players/i/ibakase01.html,1
201211210HOU,https://www.basketball-reference.com/boxscores/pbp/201211210HOU.html,Houston Rockets,Chicago Bulls,HOU,CHI,Ö. Aşık,J. Noah,C. Boozer,CHI,HOU,K. Hinrich,/players/h/hinriki01.html,CHI,HOU,J. Noah,/players/n/noahjo01.html,Ö. Aşık,/players/a/asikom01.html,1
201211210MIN,https://www.basketball-reference.com/boxscores/pbp/201211210MIN.html,Minnesota Timberwolves,Denver Nuggets,MIN,DEN,,,,,,,,,,,,
201211210DAL,https://www.basketball-reference.com/boxscores/pbp/201211210DAL.html,Dallas Mavericks,New York Knicks,DAL,NYK,C. Kaman,T. Chandler,R. Felton,NYK,DAL,R. Felton,/players/f/feltora01.html,NYK,DAL,T. Chandler,/players/c/chandty01.html,C. Kaman,/players/k/kamanch01.html,1
201211210PHO,https://www.basketball-reference.com/boxscores/pbp/201211210PHO.html,Phoenix Suns,Portland Trail Blazers,PHO,POR,M. Gortat,M. Leonard,M. Gortat,POR,PHO,D. Lillard,/players/l/lillada01.html,PHO,POR,M. Leonard,/players/l/leoname01.html,M. Gortat,/players/g/gortama01.html,0
201211210SAC,https://www.basketball-reference.com/boxscores/pbp/201211210SAC.html,Sacramento Kings,Los Angeles Lakers,SAC,LAL,J. Thompson,D. Howard,M. World Peace,LAL,SAC,D. Morris,/players/m/morrida01.html,LAL,SAC,D. Howard,/players/h/howardw01.html,J. Thompson,/players/t/thompja02.html,1
201211210GSW,https://www.basketball-reference.com/boxscores/pbp/201211210GSW.html,Golden State Warriors,Brooklyn Nets,GSW,BRK,F. Ezeli,B. Lopez,J. Johnson,GSW,BRK,D. Lee,/players/l/leeda02.html,BRK,GSW,F. Ezeli,/players/e/ezelife01.html,B. Lopez,/players/l/lopezbr01.html,0
201211230CHA,https://www.basketball-reference.com/boxscores/pbp/201211230CHA.html,Charlotte Bobcats,Atlanta Hawks,CHA,ATL,B. Mullens,J. Smith,A. Horford,CHA,ATL,K. Walker,/players/w/walkeke02.html,ATL,CHA,B. Mullens,/players/m/mulleby01.html,J. Smith,/players/s/smithjo03.html,0
201211230ORL,https://www.basketball-reference.com/boxscores/pbp/201211230ORL.html,Orlando Magic,Cleveland Cavaliers,ORL,CLE,N. Vučević,A. Varejão,T. Thompson,CLE,ORL,T. Thompson,/players/t/thomptr01.html,CLE,ORL,A. Varejão,/players/v/varejan01.html,N. Vučević,/players/v/vucevni01.html,1
201211230BOS,https://www.basketball-reference.com/boxscores/pbp/201211230BOS.html,Boston Celtics,Oklahoma City Thunder,BOS,OKC,K. Garnett,S. Ibaka,S. Ibaka,OKC,BOS,K. Durant,/players/d/duranke01.html,OKC,BOS,S. Ibaka,/players/i/ibakase01.html,K. Garnett,/players/g/garneke01.html,1
201211230BRK,https://www.basketball-reference.com/boxscores/pbp/201211230BRK.html,Brooklyn Nets,Los Angeles Clippers,BRK,LAC,B. Lopez,D. Jordan,B. Lopez,LAC,BRK,C. Paul,/players/p/paulch01.html,BRK,LAC,D. Jordan,/players/j/jordade01.html,B. Lopez,/players/l/lopezbr01.html,0
201211230DET,https://www.basketball-reference.com/boxscores/pbp/201211230DET.html,Detroit Pistons,Toronto Raptors,DET,TOR,G. Monroe,J. Valančiūnas,J. Valančiūnas,DET,TOR,J. Maxiell,/players/m/maxieja01.html,TOR,DET,G. Monroe,/players/m/monrogr01.html,J. Valančiūnas,/players/v/valanjo01.html,0
201211230HOU,https://www.basketball-reference.com/boxscores/pbp/201211230HOU.html,Houston Rockets,New York Knicks,HOU,NYK,Ö. Aşık,T. Chandler,C. Anthony,NYK,HOU,R. Felton,/players/f/feltora01.html,NYK,HOU,T. Chandler,/players/c/chandty01.html,Ö. Aşık,/players/a/asikom01.html,1
201211230IND,https://www.basketball-reference.com/boxscores/pbp/201211230IND.html,Indiana Pacers,San Antonio Spurs,IND,SAS,R. Hibbert,T. Duncan,G. Neal,SAS,IND,D. Blair,/players/b/blairde01.html,SAS,IND,T. Duncan,/players/d/duncati01.html,R. Hibbert,/players/h/hibbero01.html,1
201211230MEM,https://www.basketball-reference.com/boxscores/pbp/201211230MEM.html,Memphis Grizzlies,Los Angeles Lakers,MEM,LAL,M. Gasol,D. Howard,T. Allen,LAL,MEM,D. Morris,/players/m/morrida01.html,MEM,LAL,D. Howard,/players/h/howardw01.html,M. Gasol,/players/g/gasolma01.html,0
201211230DEN,https://www.basketball-reference.com/boxscores/pbp/201211230DEN.html,Denver Nuggets,Golden State Warriors,DEN,GSW,K. Koufos,F. Ezeli,D. Gallinari,DEN,GSW,K. Koufos,/players/k/koufoko01.html,DEN,GSW,K. Koufos,/players/k/koufoko01.html,F. Ezeli,/players/e/ezelife01.html,1
201211230PHO,https://www.basketball-reference.com/boxscores/pbp/201211230PHO.html,Phoenix Suns,New Orleans Hornets,PHO,NOH,M. Gortat,R. Lopez,A. Aminu,PHO,NOH,S. Brown,/players/b/brownsh01.html,NOH,PHO,M. Gortat,/players/g/gortama01.html,R. Lopez,/players/l/lopezro01.html,0
201211230UTA,https://www.basketball-reference.com/boxscores/pbp/201211230UTA.html,Utah Jazz,Sacramento Kings,UTA,SAC,A. Jefferson,D. Cousins,M. Williams,UTA,SAC,R. Foye,/players/f/foyera01.html,UTA,SAC,A. Jefferson,/players/j/jeffeal01.html,D. Cousins,/players/c/couside01.html,1
201211230POR,https://www.basketball-reference.com/boxscores/pbp/201211230POR.html,Portland Trail Blazers,Minnesota Timberwolves,POR,MIN,J. Hickson,N. Peković,L. Aldridge,POR,MIN,N. Batum,/players/b/batumni01.html,POR,MIN,J. Hickson,/players/h/hicksjj01.html,N. Peković,/players/p/pekovni01.html,1
201211240ATL,https://www.basketball-reference.com/boxscores/pbp/201211240ATL.html,Atlanta Hawks,Los Angeles Clippers,ATL,LAC,J. Smith,D. Jordan,Z. Pachulia,LAC,ATL,C. Paul,/players/p/paulch01.html,ATL,LAC,D. Jordan,/players/j/jordade01.html,J. Smith,/players/s/smithjo03.html,0
201211240PHI,https://www.basketball-reference.com/boxscores/pbp/201211240PHI.html,Philadelphia 76ers,Oklahoma City Thunder,PHI,OKC,L. Allen,S. Ibaka,L. Allen,OKC,PHI,K. Perkins,/players/p/perkike01.html,PHI,OKC,S. Ibaka,/players/i/ibakase01.html,L. Allen,/players/a/allenla01.html,0
201211240WAS,https://www.basketball-reference.com/boxscores/pbp/201211240WAS.html,Washington Wizards,Charlotte Bobcats,WAS,CHA,K. Séraphin,B. Mullens,B. Mullens,WAS,CHA,J. Crawford,/players/c/crawfjo02.html,CHA,WAS,K. Séraphin,/players/s/serapke01.html,B. Mullens,/players/m/mulleby01.html,0
201211240MIA,https://www.basketball-reference.com/boxscores/pbp/201211240MIA.html,Miami Heat,Cleveland Cavaliers,MIA,CLE,C. Bosh,A. Varejão,T. Thompson,CLE,MIA,J. Pargo,/players/p/pargoje01.html,CLE,MIA,A. Varejão,/players/v/varejan01.html,C. Bosh,/players/b/boshch01.html,1
201211240DAL,https://www.basketball-reference.com/boxscores/pbp/201211240DAL.html,Dallas Mavericks,Los Angeles Lakers,DAL,LAL,B. Wright,D. Howard,M. World Peace,LAL,DAL,P. Gasol,/players/g/gasolpa01.html,LAL,DAL,D. Howard,/players/h/howardw01.html,B. Wright,/players/w/wrighbr03.html,1
201211240MIL,https://www.basketball-reference.com/boxscores/pbp/201211240MIL.html,Milwaukee Bucks,Chicago Bulls,MIL,CHI,J. Przybilla,J. Noah,B. Jennings,MIL,CHI,E. İlyasova,/players/i/ilyaser01.html,MIL,CHI,J. Przybilla,/players/p/przybjo01.html,J. Noah,/players/n/noahjo01.html,1
201211240SAC,https://www.basketball-reference.com/boxscores/pbp/201211240SAC.html,Sacramento Kings,Utah Jazz,SAC,UTA,J. Thompson,A. Jefferson,A. Brooks,UTA,SAC,J. Tinsley,/players/t/tinslja01.html,SAC,UTA,A. Jefferson,/players/j/jeffeal01.html,J. Thompson,/players/t/thompja02.html,0
201211240GSW,https://www.basketball-reference.com/boxscores/pbp/201211240GSW.html,Golden State Warriors,Minnesota Timberwolves,GSW,MIN,F. Ezeli,N. Peković,D. Lee,GSW,MIN,D. Lee,/players/l/leeda02.html,GSW,MIN,F. Ezeli,/players/e/ezelife01.html,N. Peković,/players/p/pekovni01.html,1
201211250NYK,https://www.basketball-reference.com/boxscores/pbp/201211250NYK.html,New York Knicks,Detroit Pistons,NYK,DET,T. Chandler,G. Monroe,J. Maxiell,DET,NYK,J. Maxiell,/players/m/maxieja01.html,DET,NYK,G. Monroe,/players/m/monrogr01.html,T. Chandler,/players/c/chandty01.html,1
201211250TOR,https://www.basketball-reference.com/boxscores/pbp/201211250TOR.html,Toronto Raptors,San Antonio Spurs,TOR,SAS,J. Valančiūnas,T. Duncan,K. Lowry,TOR,SAS,A. Bargnani,/players/b/bargnan01.html,TOR,SAS,J. Valančiūnas,/players/v/valanjo01.html,T. Duncan,/players/d/duncati01.html,1
201211250BRK,https://www.basketball-reference.com/boxscores/pbp/201211250BRK.html,Brooklyn Nets,Portland Trail Blazers,BRK,POR,B. Lopez,M. Leonard,K. Humphries,BRK,POR,D. Williams,/players/w/willide01.html,BRK,POR,B. Lopez,/players/l/lopezbr01.html,M. Leonard,/players/l/leoname01.html,1
201211250ORL,https://www.basketball-reference.com/boxscores/pbp/201211250ORL.html,Orlando Magic,Boston Celtics,ORL,BOS,N. Vučević,K. Garnett,K. Garnett,BOS,ORL,J. Terry,/players/t/terryja01.html,BOS,ORL,K. Garnett,/players/g/garneke01.html,N. Vučević,/players/v/vucevni01.html,1
201211250PHI,https://www.basketball-reference.com/boxscores/pbp/201211250PHI.html,Philadelphia 76ers,Phoenix Suns,PHI,PHO,L. Allen,M. Gortat,E. Turner,PHO,PHI,G. Dragić,/players/d/dragigo01.html,PHI,PHO,M. Gortat,/players/g/gortama01.html,L. Allen,/players/a/allenla01.html,0
201211250DEN,https://www.basketball-reference.com/boxscores/pbp/201211250DEN.html,Denver Nuggets,New Orleans Hornets,DEN,NOH,K. Koufos,R. Lopez,G. Vásquez,DEN,NOH,D. Gallinari,/players/g/gallida01.html,NOH,DEN,K. Koufos,/players/k/koufoko01.html,R. Lopez,/players/l/lopezro01.html,0
201211260BRK,https://www.basketball-reference.com/boxscores/pbp/201211260BRK.html,Brooklyn Nets,New York Knicks,BRK,NYK,B. Lopez,T. Chandler,D. Williams,BRK,NYK,D. Williams,/players/w/willide01.html,BRK,NYK,B. Lopez,/players/l/lopezbr01.html,T. Chandler,/players/c/chandty01.html,1
201211260WAS,https://www.basketball-reference.com/boxscores/pbp/201211260WAS.html,Washington Wizards,San Antonio Spurs,WAS,SAS,K. Séraphin,T. Duncan,T. Parker,SAS,WAS,D. Green,/players/g/greenda02.html,SAS,WAS,T. Duncan,/players/d/duncati01.html,K. Séraphin,/players/s/serapke01.html,1
201211260DET,https://www.basketball-reference.com/boxscores/pbp/201211260DET.html,Detroit Pistons,Portland Trail Blazers,DET,POR,G. Monroe,J. Hickson,L. Aldridge,DET,POR,J. Maxiell,/players/m/maxieja01.html,POR,DET,G. Monroe,/players/m/monrogr01.html,J. Hickson,/players/h/hicksjj01.html,0
201211260CHI,https://www.basketball-reference.com/boxscores/pbp/201211260CHI.html,Chicago Bulls,Milwaukee Bucks,CHI,MIL,J. Noah,S. Dalembert,M. Ellis,MIL,CHI,B. Jennings,/players/j/jennibr01.html,MIL,CHI,S. Dalembert,/players/d/dalemsa01.html,J. Noah,/players/n/noahjo01.html,1
201211260MEM,https://www.basketball-reference.com/boxscores/pbp/201211260MEM.html,Memphis Grizzlies,Cleveland Cavaliers,MEM,CLE,M. Gasol,A. Varejão,R. Gay,CLE,MEM,T. Thompson,/players/t/thomptr01.html,MEM,CLE,A. Varejão,/players/v/varejan01.html,M. Gasol,/players/g/gasolma01.html,0
201211260OKC,https://www.basketball-reference.com/boxscores/pbp/201211260OKC.html,Oklahoma City Thunder,Charlotte Bobcats,OKC,CHA,,,,,,,,,,,,
201211260UTA,https://www.basketball-reference.com/boxscores/pbp/201211260UTA.html,Utah Jazz,Denver Nuggets,UTA,DEN,A. Jefferson,K. Koufos,P. Millsap,DEN,UTA,D. Gallinari,/players/g/gallida01.html,UTA,DEN,K. Koufos,/players/k/koufoko01.html,A. Jefferson,/players/j/jeffeal01.html,0
201211260LAC,https://www.basketball-reference.com/boxscores/pbp/201211260LAC.html,Los Angeles Clippers,New Orleans Hornets,LAC,NOH,D. Jordan,R. Lopez,D. Jordan,NOH,LAC,A. Aminu,/players/a/aminual01.html,LAC,NOH,R. Lopez,/players/l/lopezro01.html,D. Jordan,/players/j/jordade01.html,0
201211270CLE,https://www.basketball-reference.com/boxscores/pbp/201211270CLE.html,Cleveland Cavaliers,Phoenix Suns,CLE,PHO,A. Varejão,M. Gortat,M. Beasley,PHO,CLE,M. Beasley,/players/b/beaslmi01.html,PHO,CLE,M. Gortat,/players/g/gortama01.html,A. Varejão,/players/v/varejan01.html,1
201211270PHI,https://www.basketball-reference.com/boxscores/pbp/201211270PHI.html,Philadelphia 76ers,Dallas Mavericks,PHI,DAL,L. Allen,C. Kaman,T. Young,DAL,PHI,D. Jones,/players/j/jonesdo02.html,PHI,DAL,C. Kaman,/players/k/kamanch01.html,L. Allen,/players/a/allenla01.html,0
201211270HOU,https://www.basketball-reference.com/boxscores/pbp/201211270HOU.html,Houston Rockets,Toronto Raptors,HOU,TOR,Ö. Aşık,J. Valančiūnas,Ö. Aşık,TOR,HOU,A. Bargnani,/players/b/bargnan01.html,HOU,TOR,J. Valančiūnas,/players/v/valanjo01.html,Ö. Aşık,/players/a/asikom01.html,0
201211270SAC,https://www.basketball-reference.com/boxscores/pbp/201211270SAC.html,Sacramento Kings,Minnesota Timberwolves,SAC,MIN,J. Thompson,N. Peković,T. Evans,SAC,MIN,J. Salmons,/players/s/salmojo01.html,SAC,MIN,J. Thompson,/players/t/thompja02.html,N. Peković,/players/p/pekovni01.html,1
201211270LAL,https://www.basketball-reference.com/boxscores/pbp/201211270LAL.html,Los Angeles Lakers,Indiana Pacers,LAL,IND,D. Howard,R. Hibbert,R. Hibbert,LAL,IND,P. Gasol,/players/g/gasolpa01.html,IND,LAL,D. Howard,/players/h/howardw01.html,R. Hibbert,/players/h/hibbero01.html,0
201211280ORL,https://www.basketball-reference.com/boxscores/pbp/201211280ORL.html,Orlando Magic,San Antonio Spurs,ORL,SAS,N. Vučević,T. Duncan,T. Parker,SAS,ORL,T. Parker,/players/p/parketo01.html,SAS,ORL,T. Duncan,/players/d/duncati01.html,N. Vučević,/players/v/vucevni01.html,1
201211280WAS,https://www.basketball-reference.com/boxscores/pbp/201211280WAS.html,Washington Wizards,Portland Trail Blazers,WAS,POR,E. Okafor,J. Hickson,T. Ariza,WAS,POR,T. Ariza,/players/a/arizatr01.html,WAS,POR,E. Okafor,/players/o/okafoem01.html,J. Hickson,/players/h/hicksjj01.html,1
201211280ATL,https://www.basketball-reference.com/boxscores/pbp/201211280ATL.html,Atlanta Hawks,Charlotte Bobcats,ATL,CHA,J. Smith,B. Mullens,J. Teague,ATL,CHA,K. Korver,/players/k/korveky01.html,ATL,CHA,J. Smith,/players/s/smithjo03.html,B. Mullens,/players/m/mulleby01.html,1
201211280BOS,https://www.basketball-reference.com/boxscores/pbp/201211280BOS.html,Boston Celtics,Brooklyn Nets,BOS,BRK,K. Garnett,B. Lopez,P. Pierce,BOS,BRK,B. Bass,/players/b/bassbr01.html,BOS,BRK,K. Garnett,/players/g/garneke01.html,B. Lopez,/players/l/lopezbr01.html,1
201211280DET,https://www.basketball-reference.com/boxscores/pbp/201211280DET.html,Detroit Pistons,Phoenix Suns,DET,PHO,G. Monroe,M. Gortat,M. Beasley,PHO,DET,S. Brown,/players/b/brownsh01.html,PHO,DET,M. Gortat,/players/g/gortama01.html,G. Monroe,/players/m/monrogr01.html,1
201211280CHI,https://www.basketball-reference.com/boxscores/pbp/201211280CHI.html,Chicago Bulls,Dallas Mavericks,CHI,DAL,J. Noah,C. Kaman,S. Marion,CHI,DAL,K. Hinrich,/players/h/hinriki01.html,DAL,CHI,J. Noah,/players/n/noahjo01.html,C. Kaman,/players/k/kamanch01.html,0
201211280MEM,https://www.basketball-reference.com/boxscores/pbp/201211280MEM.html,Memphis Grizzlies,Toronto Raptors,MEM,TOR,M. Gasol,J. Valančiūnas,M. Conley,MEM,TOR,M. Conley,/players/c/conlemi01.html,MEM,TOR,M. Gasol,/players/g/gasolma01.html,J. Valančiūnas,/players/v/valanjo01.html,1
201211280MIL,https://www.basketball-reference.com/boxscores/pbp/201211280MIL.html,Milwaukee Bucks,New York Knicks,MIL,NYK,S. Dalembert,T. Chandler,M. Ellis,MIL,NYK,B. Jennings,/players/j/jennibr01.html,MIL,NYK,S. Dalembert,/players/d/dalemsa01.html,T. Chandler,/players/c/chandty01.html,1
201211280NOH,https://www.basketball-reference.com/boxscores/pbp/201211280NOH.html,New Orleans Hornets,Utah Jazz,NOH,UTA,R. Lopez,A. Jefferson,P. Millsap,UTA,NOH,J. Tinsley,/players/t/tinslja01.html,UTA,NOH,A. Jefferson,/players/j/jeffeal01.html,R. Lopez,/players/l/lopezro01.html,1
201211280OKC,https://www.basketball-reference.com/boxscores/pbp/201211280OKC.html,Oklahoma City Thunder,Houston Rockets,OKC,HOU,S. Ibaka,Ö. Aşık,P. Patterson,HOU,OKC,J. Harden,/players/h/hardeja01.html,HOU,OKC,Ö. Aşık,/players/a/asikom01.html,S. Ibaka,/players/i/ibakase01.html,1
201211280LAC,https://www.basketball-reference.com/boxscores/pbp/201211280LAC.html,Los Angeles Clippers,Minnesota Timberwolves,LAC,MIN,D. Jordan,N. Peković,M. Lee,LAC,MIN,C. Paul,/players/p/paulch01.html,MIN,LAC,D. Jordan,/players/j/jordade01.html,N. Peković,/players/p/pekovni01.html,0
201211290MIA,https://www.basketball-reference.com/boxscores/pbp/201211290MIA.html,Miami Heat,San Antonio Spurs,MIA,SAS,C. Bosh,T. Splitter,T. Splitter,MIA,SAS,D. Wade,/players/w/wadedw01.html,SAS,MIA,C. Bosh,/players/b/boshch01.html,T. Splitter,/players/s/splitti01.html,0
201211290GSW,https://www.basketball-reference.com/boxscores/pbp/201211290GSW.html,Golden State Warriors,Denver Nuggets,GSW,DEN,,,,,,,,,,,,
201211300CHA,https://www.basketball-reference.com/boxscores/pbp/201211300CHA.html,Charlotte Bobcats,Philadelphia 76ers,CHA,PHI,B. Mullens,L. Allen,B. Mullens,CHA,PHI,K. Walker,/players/w/walkeke02.html,CHA,PHI,B. Mullens,/players/m/mulleby01.html,L. Allen,/players/a/allenla01.html,1
201211300ORL,https://www.basketball-reference.com/boxscores/pbp/201211300ORL.html,Orlando Magic,Brooklyn Nets,ORL,BRK,N. Vučević,A. Blatche,A. Afflalo,BRK,ORL,D. Williams,/players/w/willide01.html,ORL,BRK,A. Blatche,/players/b/blatcan01.html,N. Vučević,/players/v/vucevni01.html,0
201211300TOR,https://www.basketball-reference.com/boxscores/pbp/201211300TOR.html,Toronto Raptors,Phoenix Suns,TOR,PHO,J. Valančiūnas,M. Gortat,M. Gortat,PHO,TOR,M. Morris,/players/m/morrima02.html,PHO,TOR,M. Gortat,/players/g/gortama01.html,J. Valančiūnas,/players/v/valanjo01.html,1
201211300ATL,https://www.basketball-reference.com/boxscores/pbp/201211300ATL.html,Atlanta Hawks,Cleveland Cavaliers,ATL,CLE,J. Smith,A. Varejão,J. Pargo,ATL,CLE,A. Horford,/players/h/horfoal01.html,CLE,ATL,J. Smith,/players/s/smithjo03.html,A. Varejão,/players/v/varejan01.html,0
201211300BOS,https://www.basketball-reference.com/boxscores/pbp/201211300BOS.html,Boston Celtics,Portland Trail Blazers,BOS,POR,K. Garnett,J. Hickson,P. Pierce,BOS,POR,B. Bass,/players/b/bassbr01.html,BOS,POR,K. Garnett,/players/g/garneke01.html,J. Hickson,/players/h/hicksjj01.html,1
201211300NYK,https://www.basketball-reference.com/boxscores/pbp/201211300NYK.html,New York Knicks,Washington Wizards,NYK,WAS,T. Chandler,E. Okafor,R. Brewer,WAS,NYK,B. Beal,/players/b/bealbr01.html,NYK,WAS,E. Okafor,/players/o/okafoem01.html,T. Chandler,/players/c/chandty01.html,0
201211300MEM,https://www.basketball-reference.com/boxscores/pbp/201211300MEM.html,Memphis Grizzlies,Detroit Pistons,MEM,DET,M. Gasol,G. Monroe,G. Monroe,MEM,DET,Z. Randolph,/players/r/randoza01.html,DET,MEM,M. Gasol,/players/g/gasolma01.html,G. Monroe,/players/m/monrogr01.html,0
201211300MIN,https://www.basketball-reference.com/boxscores/pbp/201211300MIN.html,Minnesota Timberwolves,Milwaukee Bucks,MIN,MIL,N. Peković,S. Dalembert,M. Ellis,MIL,MIN,J. Henson,/players/h/hensojo01.html,MIL,MIN,S. Dalembert,/players/d/dalemsa01.html,N. Peković,/players/p/pekovni01.html,1
201211300OKC,https://www.basketball-reference.com/boxscores/pbp/201211300OKC.html,Oklahoma City Thunder,Utah Jazz,OKC,UTA,S. Ibaka,A. Jefferson,P. Millsap,OKC,UTA,K. Perkins,/players/p/perkike01.html,UTA,OKC,S. Ibaka,/players/i/ibakase01.html,A. Jefferson,/players/j/jeffeal01.html,0
201211300SAC,https://www.basketball-reference.com/boxscores/pbp/201211300SAC.html,Sacramento Kings,Indiana Pacers,SAC,IND,J. Thompson,R. Hibbert,D. West,IND,SAC,D. West,/players/w/westda01.html,IND,SAC,R. Hibbert,/players/h/hibbero01.html,J. Thompson,/players/t/thompja02.html,1
201211300LAL,https://www.basketball-reference.com/boxscores/pbp/201211300LAL.html,Los Angeles Lakers,Denver Nuggets,LAL,DEN,D. Howard,K. Koufos,P. Gasol,LAL,DEN,P. Gasol,/players/g/gasolpa01.html,LAL,DEN,D. Howard,/players/h/howardw01.html,K. Koufos,/players/k/koufoko01.html,1
201212010MIA,https://www.basketball-reference.com/boxscores/pbp/201212010MIA.html,Miami Heat,Brooklyn Nets,MIA,BRK,C. Bosh,A. Blatche,A. Blatche,MIA,BRK,M. Chalmers,/players/c/chalmma01.html,BRK,MIA,C. Bosh,/players/b/boshch01.html,A. Blatche,/players/b/blatcan01.html,0
201212010CHI,https://www.basketball-reference.com/boxscores/pbp/201212010CHI.html,Chicago Bulls,Philadelphia 76ers,CHI,PHI,J. Noah,L. Allen,J. Noah,CHI,PHI,K. Hinrich,/players/h/hinriki01.html,CHI,PHI,J. Noah,/players/n/noahjo01.html,L. Allen,/players/a/allenla01.html,1
201212010HOU,https://www.basketball-reference.com/boxscores/pbp/201212010HOU.html,Houston Rockets,Utah Jazz,HOU,UTA,Ö. Aşık,A. Jefferson,P. Patterson,HOU,UTA,J. Lin,/players/l/linje01.html,HOU,UTA,Ö. Aşık,/players/a/asikom01.html,A. Jefferson,/players/j/jeffeal01.html,1
201212010NOH,https://www.basketball-reference.com/boxscores/pbp/201212010NOH.html,New Orleans Hornets,Oklahoma City Thunder,NOH,OKC,R. Lopez,S. Ibaka,R. Anderson,NOH,OKC,R. Anderson,/players/a/anderry01.html,NOH,OKC,R. Lopez,/players/l/lopezro01.html,S. Ibaka,/players/i/ibakase01.html,1
201212010MIL,https://www.basketball-reference.com/boxscores/pbp/201212010MIL.html,Milwaukee Bucks,Boston Celtics,MIL,BOS,J. Henson,K. Garnett,P. Pierce,MIL,BOS,M. Daniels,/players/d/daniema01.html,BOS,MIL,J. Henson,/players/h/hensojo01.html,K. Garnett,/players/g/garneke01.html,0
201212010SAS,https://www.basketball-reference.com/boxscores/pbp/201212010SAS.html,San Antonio Spurs,Memphis Grizzlies,SAS,MEM,T. Duncan,M. Gasol,R. Gay,MEM,SAS,Z. Randolph,/players/r/randoza01.html,MEM,SAS,M. Gasol,/players/g/gasolma01.html,T. Duncan,/players/d/duncati01.html,1
201212010DAL,https://www.basketball-reference.com/boxscores/pbp/201212010DAL.html,Dallas Mavericks,Detroit Pistons,DAL,DET,C. Kaman,G. Monroe,C. Kaman,DET,DAL,B. Knight,/players/k/knighbr03.html,DAL,DET,G. Monroe,/players/m/monrogr01.html,C. Kaman,/players/k/kamanch01.html,0
201212010GSW,https://www.basketball-reference.com/boxscores/pbp/201212010GSW.html,Golden State Warriors,Indiana Pacers,GSW,IND,F. Ezeli,R. Hibbert,G. Hill,GSW,IND,H. Barnes,/players/b/barneha02.html,IND,GSW,F. Ezeli,/players/e/ezelife01.html,R. Hibbert,/players/h/hibbero01.html,0
201212010LAC,https://www.basketball-reference.com/boxscores/pbp/201212010LAC.html,Los Angeles Clippers,Sacramento Kings,LAC,SAC,D. Jordan,J. Thompson,B. Griffin,LAC,SAC,C. Paul,/players/p/paulch01.html,LAC,SAC,D. Jordan,/players/j/jordade01.html,J. Thompson,/players/t/thompja02.html,1
201212020NYK,https://www.basketball-reference.com/boxscores/pbp/201212020NYK.html,New York Knicks,Phoenix Suns,NYK,PHO,T. Chandler,M. Gortat,R. Felton,PHO,NYK,M. Morris,/players/m/morrima02.html,NYK,PHO,M. Gortat,/players/g/gortama01.html,T. Chandler,/players/c/chandty01.html,0
201212020LAL,https://www.basketball-reference.com/boxscores/pbp/201212020LAL.html,Los Angeles Lakers,Orlando Magic,LAL,ORL,D. Howard,N. Vučević,A. Afflalo,LAL,ORL,D. Morris,/players/m/morrida01.html,ORL,LAL,D. Howard,/players/h/howardw01.html,N. Vučević,/players/v/vucevni01.html,0
201212030CHA,https://www.basketball-reference.com/boxscores/pbp/201212030CHA.html,Charlotte Bobcats,Portland Trail Blazers,CHA,POR,B. Mullens,J. Hickson,K. Walker,CHA,POR,K. Walker,/players/w/walkeke02.html,CHA,POR,B. Mullens,/players/m/mulleby01.html,J. Hickson,/players/h/hicksjj01.html,1
201212030DET,https://www.basketball-reference.com/boxscores/pbp/201212030DET.html,Detroit Pistons,Cleveland Cavaliers,DET,CLE,G. Monroe,A. Varejão,T. Thompson,CLE,DET,J. Pargo,/players/p/pargoje01.html,CLE,DET,A. Varejão,/players/v/varejan01.html,G. Monroe,/players/m/monrogr01.html,1
201212030NOH,https://www.basketball-reference.com/boxscores/pbp/201212030NOH.html,New Orleans Hornets,Milwaukee Bucks,NOH,MIL,R. Lopez,J. Henson,M. Ellis,MIL,NOH,E. Udoh,/players/u/udohek01.html,MIL,NOH,J. Henson,/players/h/hensojo01.html,R. Lopez,/players/l/lopezro01.html,1
201212030DEN,https://www.basketball-reference.com/boxscores/pbp/201212030DEN.html,Denver Nuggets,Toronto Raptors,DEN,TOR,K. Koufos,J. Valančiūnas,A. Bargnani,DEN,TOR,K. Faried,/players/f/farieke01.html,TOR,DEN,K. Koufos,/players/k/koufoko01.html,J. Valančiūnas,/players/v/valanjo01.html,0
201212030UTA,https://www.basketball-reference.com/boxscores/pbp/201212030UTA.html,Utah Jazz,Los Angeles Clippers,UTA,LAC,A. Jefferson,D. Jordan,B. Griffin,LAC,UTA,C. Paul,/players/p/paulch01.html,LAC,UTA,D. Jordan,/players/j/jordade01.html,A. Jefferson,/players/j/jeffeal01.html,1
201212030GSW,https://www.basketball-reference.com/boxscores/pbp/201212030GSW.html,Golden State Warriors,Orlando Magic,GSW,ORL,F. Ezeli,N. Vučević,D. Lee,GSW,ORL,D. Lee,/players/l/leeda02.html,GSW,ORL,F. Ezeli,/players/e/ezelife01.html,N. Vučević,/players/v/vucevni01.html,1
201212040PHI,https://www.basketball-reference.com/boxscores/pbp/201212040PHI.html,Philadelphia 76ers,Minnesota Timberwolves,PHI,MIN,L. Allen,N. Peković,L. Ridnour,MIN,PHI,K. Love,/players/l/loveke01.html,MIN,PHI,N. Peković,/players/p/pekovni01.html,L. Allen,/players/a/allenla01.html,1
201212040WAS,https://www.basketball-reference.com/boxscores/pbp/201212040WAS.html,Washington Wizards,Miami Heat,WAS,MIA,E. Okafor,C. Bosh,C. Bosh,MIA,WAS,D. Wade,/players/w/wadedw01.html,MIA,WAS,C. Bosh,/players/b/boshch01.html,E. Okafor,/players/o/okafoem01.html,1
201212040BRK,https://www.basketball-reference.com/boxscores/pbp/201212040BRK.html,Brooklyn Nets,Oklahoma City Thunder,BRK,OKC,A. Blatche,S. Ibaka,K. Durant,OKC,BRK,K. Perkins,/players/p/perkike01.html,OKC,BRK,S. Ibaka,/players/i/ibakase01.html,A. Blatche,/players/b/blatcan01.html,1
201212040CHI,https://www.basketball-reference.com/boxscores/pbp/201212040CHI.html,Chicago Bulls,Indiana Pacers,CHI,IND,J. Noah,R. Hibbert,C. Boozer,CHI,IND,C. Boozer,/players/b/boozeca01.html,CHI,IND,J. Noah,/players/n/noahjo01.html,R. Hibbert,/players/h/hibbero01.html,1
201212040HOU,https://www.basketball-reference.com/boxscores/pbp/201212040HOU.html,Houston Rockets,Los Angeles Lakers,HOU,LAL,Ö. Aşık,D. Howard,K. Bryant,LAL,HOU,C. Duhon,/players/d/duhonch01.html,LAL,HOU,D. Howard,/players/h/howardw01.html,Ö. Aşık,/players/a/asikom01.html,1
201212040MEM,https://www.basketball-reference.com/boxscores/pbp/201212040MEM.html,Memphis Grizzlies,Phoenix Suns,MEM,PHO,M. Gasol,M. Gortat,M. Gasol,MEM,PHO,M. Conley,/players/c/conlemi01.html,MEM,PHO,M. Gasol,/players/g/gasolma01.html,M. Gortat,/players/g/gortama01.html,1
201212050CHA,https://www.basketball-reference.com/boxscores/pbp/201212050CHA.html,Charlotte Bobcats,New York Knicks,CHA,NYK,B. Mullens,T. Chandler,C. Anthony,CHA,NYK,K. Walker,/players/w/walkeke02.html,NYK,CHA,B. Mullens,/players/m/mulleby01.html,T. Chandler,/players/c/chandty01.html,0
201212050IND,https://www.basketball-reference.com/boxscores/pbp/201212050IND.html,Indiana Pacers,Portland Trail Blazers,IND,POR,R. Hibbert,J. Hickson,D. West,IND,POR,D. West,/players/w/westda01.html,IND,POR,R. Hibbert,/players/h/hibbero01.html,J. Hickson,/players/h/hicksjj01.html,1
201212050BOS,https://www.basketball-reference.com/boxscores/pbp/201212050BOS.html,Boston Celtics,Minnesota Timberwolves,BOS,MIN,K. Garnett,N. Peković,N. Peković,MIN,BOS,L. Ridnour,/players/r/ridnolu01.html,MIN,BOS,N. Peković,/players/p/pekovni01.html,K. Garnett,/players/g/garneke01.html,1
201212050DET,https://www.basketball-reference.com/boxscores/pbp/201212050DET.html,Detroit Pistons,Golden State Warriors,DET,GSW,G. Monroe,F. Ezeli,D. Lee,GSW,DET,D. Lee,/players/l/leeda02.html,GSW,DET,F. Ezeli,/players/e/ezelife01.html,G. Monroe,/players/m/monrogr01.html,1
201212050ATL,https://www.basketball-reference.com/boxscores/pbp/201212050ATL.html,Atlanta Hawks,Denver Nuggets,ATL,DEN,J. Smith,T. Mozgov,D. Harris,DEN,ATL,T. Lawson,/players/l/lawsoty01.html,ATL,DEN,T. Mozgov,/players/m/mozgoti01.html,J. Smith,/players/s/smithjo03.html,0
201212050CLE,https://www.basketball-reference.com/boxscores/pbp/201212050CLE.html,Cleveland Cavaliers,Chicago Bulls,CLE,CHI,A. Varejão,J. Noah,D. Gibson,CHI,CLE,M. Belinelli,/players/b/belinma01.html,CLE,CHI,J. Noah,/players/n/noahjo01.html,A. Varejão,/players/v/varejan01.html,0
201212050NOH,https://www.basketball-reference.com/boxscores/pbp/201212050NOH.html,New Orleans Hornets,Los Angeles Lakers,NOH,LAL,R. Lopez,D. Howard,D. Howard,LAL,NOH,C. Duhon,/players/d/duhonch01.html,LAL,NOH,D. Howard,/players/h/howardw01.html,R. Lopez,/players/l/lopezro01.html,1
201212050SAS,https://www.basketball-reference.com/boxscores/pbp/201212050SAS.html,San Antonio Spurs,Milwaukee Bucks,SAS,MIL,T. Duncan,L. Sanders,E. Udoh,SAS,MIL,D. Blair,/players/b/blairde01.html,MIL,SAS,T. Duncan,/players/d/duncati01.html,L. Sanders,/players/s/sandela01.html,0
201212050UTA,https://www.basketball-reference.com/boxscores/pbp/201212050UTA.html,Utah Jazz,Orlando Magic,UTA,ORL,A. Jefferson,N. Vučević,M. Williams,ORL,UTA,G. Davis,/players/d/davisgl01.html,UTA,ORL,N. Vučević,/players/v/vucevni01.html,A. Jefferson,/players/j/jeffeal01.html,0
201212050SAC,https://www.basketball-reference.com/boxscores/pbp/201212050SAC.html,Sacramento Kings,Toronto Raptors,SAC,TOR,J. Thompson,J. Valančiūnas,A. Bargnani,TOR,SAC,A. Bargnani,/players/b/bargnan01.html,TOR,SAC,J. Valančiūnas,/players/v/valanjo01.html,J. Thompson,/players/t/thompja02.html,1
201212050LAC,https://www.basketball-reference.com/boxscores/pbp/201212050LAC.html,Los Angeles Clippers,Dallas Mavericks,LAC,DAL,D. Jordan,C. Kaman,C. Butler,LAC,DAL,B. Griffin,/players/g/griffbl01.html,LAC,DAL,D. Jordan,/players/j/jordade01.html,C. Kaman,/players/k/kamanch01.html,1
201212060MIA,https://www.basketball-reference.com/boxscores/pbp/201212060MIA.html,Miami Heat,New York Knicks,MIA,NYK,C. Bosh,T. Chandler,U. Haslem,MIA,NYK,M. Chalmers,/players/c/chalmma01.html,MIA,NYK,C. Bosh,/players/b/boshch01.html,T. Chandler,/players/c/chandty01.html,1
201212060PHO,https://www.basketball-reference.com/boxscores/pbp/201212060PHO.html,Phoenix Suns,Dallas Mavericks,PHO,DAL,M. Gortat,E. Brand,M. Gortat,DAL,PHO,S. Marion,/players/m/mariosh01.html,PHO,DAL,E. Brand,/players/b/brandel01.html,M. Gortat,/players/g/gortama01.html,0
201212070IND,https://www.basketball-reference.com/boxscores/pbp/201212070IND.html,Indiana Pacers,Denver Nuggets,IND,DEN,R. Hibbert,K. Koufos,K. Koufos,DEN,IND,T. Lawson,/players/l/lawsoty01.html,DEN,IND,K. Koufos,/players/k/koufoko01.html,R. Hibbert,/players/h/hibbero01.html,1
201212070PHI,https://www.basketball-reference.com/boxscores/pbp/201212070PHI.html,Philadelphia 76ers,Boston Celtics,PHI,BOS,L. Allen,K. Garnett,R. Rondo,BOS,PHI,B. Bass,/players/b/bassbr01.html,BOS,PHI,K. Garnett,/players/g/garneke01.html,L. Allen,/players/a/allenla01.html,1
201212070ATL,https://www.basketball-reference.com/boxscores/pbp/201212070ATL.html,Atlanta Hawks,Washington Wizards,ATL,WAS,J. Smith,E. Okafor,E. Okafor,WAS,ATL,A. Price,/players/p/priceaj01.html,WAS,ATL,E. Okafor,/players/o/okafoem01.html,J. Smith,/players/s/smithjo03.html,1
201212070BRK,https://www.basketball-reference.com/boxscores/pbp/201212070BRK.html,Brooklyn Nets,Golden State Warriors,BRK,GSW,,,,,,,,,,,,
201212070DET,https://www.basketball-reference.com/boxscores/pbp/201212070DET.html,Detroit Pistons,Chicago Bulls,DET,CHI,G. Monroe,J. Noah,J. Noah,CHI,DET,L. Deng,/players/d/denglu01.html,CHI,DET,J. Noah,/players/n/noahjo01.html,G. Monroe,/players/m/monrogr01.html,1
201212070MIN,https://www.basketball-reference.com/boxscores/pbp/201212070MIN.html,Minnesota Timberwolves,Cleveland Cavaliers,MIN,CLE,N. Peković,A. Varejão,K. Love,MIN,CLE,L. Ridnour,/players/r/ridnolu01.html,MIN,CLE,N. Peković,/players/p/pekovni01.html,A. Varejão,/players/v/varejan01.html,1
201212070NOH,https://www.basketball-reference.com/boxscores/pbp/201212070NOH.html,New Orleans Hornets,Memphis Grizzlies,NOH,MEM,R. Lopez,M. Gasol,T. Allen,NOH,MEM,R. Anderson,/players/a/anderry01.html,MEM,NOH,R. Lopez,/players/l/lopezro01.html,M. Gasol,/players/g/gasolma01.html,0
201212070MIL,https://www.basketball-reference.com/boxscores/pbp/201212070MIL.html,Milwaukee Bucks,Charlotte Bobcats,MIL,CHA,L. Sanders,B. Mullens,K. Walker,CHA,MIL,B. Haywood,/players/h/haywobr01.html,CHA,MIL,B. Mullens,/players/m/mulleby01.html,L. Sanders,/players/s/sandela01.html,1
201212070SAS,https://www.basketball-reference.com/boxscores/pbp/201212070SAS.html,San Antonio Spurs,Houston Rockets,SAS,HOU,T. Duncan,Ö. Aşık,T. Parker,SAS,HOU,D. Blair,/players/b/blairde01.html,SAS,HOU,T. Duncan,/players/d/duncati01.html,Ö. Aşık,/players/a/asikom01.html,1
201212070UTA,https://www.basketball-reference.com/boxscores/pbp/201212070UTA.html,Utah Jazz,Toronto Raptors,UTA,TOR,E. Kanter,J. Valančiūnas,E. Kanter,TOR,UTA,A. Bargnani,/players/b/bargnan01.html,UTA,TOR,J. Valančiūnas,/players/v/valanjo01.html,E. Kanter,/players/k/kanteen01.html,0
201212070OKC,https://www.basketball-reference.com/boxscores/pbp/201212070OKC.html,Oklahoma City Thunder,Los Angeles Lakers,OKC,LAL,S. Ibaka,D. Howard,R. Westbrook,OKC,LAL,T. Sefolosha,/players/s/sefolth01.html,OKC,LAL,S. Ibaka,/players/i/ibakase01.html,D. Howard,/players/h/howardw01.html,1
201212070SAC,https://www.basketball-reference.com/boxscores/pbp/201212070SAC.html,Sacramento Kings,Orlando Magic,SAC,ORL,,,,,,,,,,,,
201212080LAC,https://www.basketball-reference.com/boxscores/pbp/201212080LAC.html,Los Angeles Clippers,Phoenix Suns,LAC,PHO,D. Jordan,M. Gortat,D. Jordan,LAC,PHO,C. Paul,/players/p/paulch01.html,LAC,PHO,D. Jordan,/players/j/jordade01.html,M. Gortat,/players/g/gortama01.html,1
201212080CHA,https://www.basketball-reference.com/boxscores/pbp/201212080CHA.html,Charlotte Bobcats,San Antonio Spurs,CHA,SAS,B. Biyombo,T. Duncan,T. Duncan,SAS,CHA,T. Parker,/players/p/parketo01.html,SAS,CHA,T. Duncan,/players/d/duncati01.html,B. Biyombo,/players/b/biyombi01.html,1
201212080WAS,https://www.basketball-reference.com/boxscores/pbp/201212080WAS.html,Washington Wizards,Golden State Warriors,WAS,GSW,E. Okafor,F. Ezeli,K. Thompson,WAS,GSW,A. Price,/players/p/priceaj01.html,GSW,WAS,E. Okafor,/players/o/okafoem01.html,F. Ezeli,/players/e/ezelife01.html,0
201212080BOS,https://www.basketball-reference.com/boxscores/pbp/201212080BOS.html,Boston Celtics,Philadelphia 76ers,BOS,PHI,K. Garnett,L. Allen,P. Pierce,BOS,PHI,J. Terry,/players/t/terryja01.html,BOS,PHI,K. Garnett,/players/g/garneke01.html,L. Allen,/players/a/allenla01.html,1
201212080CLE,https://www.basketball-reference.com/boxscores/pbp/201212080CLE.html,Cleveland Cavaliers,Detroit Pistons,CLE,DET,A. Varejão,G. Monroe,G. Monroe,CLE,DET,J. Pargo,/players/p/pargoje01.html,DET,CLE,A. Varejão,/players/v/varejan01.html,G. Monroe,/players/m/monrogr01.html,0
201212080MIA,https://www.basketball-reference.com/boxscores/pbp/201212080MIA.html,Miami Heat,New Orleans Hornets,MIA,NOH,C. Bosh,R. Lopez,R. Lopez,MIA,NOH,M. Chalmers,/players/c/chalmma01.html,NOH,MIA,C. Bosh,/players/b/boshch01.html,R. Lopez,/players/l/lopezro01.html,0
201212080CHI,https://www.basketball-reference.com/boxscores/pbp/201212080CHI.html,Chicago Bulls,New York Knicks,CHI,NYK,J. Noah,T. Chandler,T. Chandler,CHI,NYK,K. Hinrich,/players/h/hinriki01.html,NYK,CHI,J. Noah,/players/n/noahjo01.html,T. Chandler,/players/c/chandty01.html,0
201212080HOU,https://www.basketball-reference.com/boxscores/pbp/201212080HOU.html,Houston Rockets,Dallas Mavericks,HOU,DAL,Ö. Aşık,B. Wright,C. Kaman,DAL,HOU,O. Mayo,/players/m/mayooj01.html,DAL,HOU,B. Wright,/players/w/wrighbr03.html,Ö. Aşık,/players/a/asikom01.html,1
201212080MEM,https://www.basketball-reference.com/boxscores/pbp/201212080MEM.html,Memphis Grizzlies,Atlanta Hawks,MEM,ATL,M. Gasol,J. Smith,J. Teague,MEM,ATL,M. Conley,/players/c/conlemi01.html,ATL,MEM,M. Gasol,/players/g/gasolma01.html,J. Smith,/players/s/smithjo03.html,0
201212080POR,https://www.basketball-reference.com/boxscores/pbp/201212080POR.html,Portland Trail Blazers,Sacramento Kings,POR,SAC,J. Hickson,J. Thompson,D. Cousins,SAC,POR,D. Cousins,/players/c/couside01.html,SAC,POR,J. Thompson,/players/t/thompja02.html,J. Hickson,/players/h/hicksjj01.html,1
201212090LAC,https://www.basketball-reference.com/boxscores/pbp/201212090LAC.html,Los Angeles Clippers,Toronto Raptors,LAC,TOR,D. Jordan,J. Valančiūnas,A. Bargnani,TOR,LAC,A. Bargnani,/players/b/bargnan01.html,TOR,LAC,J. Valančiūnas,/players/v/valanjo01.html,D. Jordan,/players/j/jordade01.html,1
201212090BRK,https://www.basketball-reference.com/boxscores/pbp/201212090BRK.html,Brooklyn Nets,Milwaukee Bucks,BRK,MIL,A. Blatche,L. Sanders,A. Blatche,BRK,MIL,D. Williams,/players/w/willide01.html,BRK,MIL,A. Blatche,/players/b/blatcan01.html,L. Sanders,/players/s/sandela01.html,1
201212090OKC,https://www.basketball-reference.com/boxscores/pbp/201212090OKC.html,Oklahoma City Thunder,Indiana Pacers,OKC,IND,S. Ibaka,R. Hibbert,R. Hibbert,IND,OKC,D. West,/players/w/westda01.html,IND,OKC,R. Hibbert,/players/h/hibbero01.html,S. Ibaka,/players/i/ibakase01.html,1
201212090NYK,https://www.basketball-reference.com/boxscores/pbp/201212090NYK.html,New York Knicks,Denver Nuggets,NYK,DEN,T. Chandler,K. Koufos,K. Faried,DEN,NYK,D. Gallinari,/players/g/gallida01.html,DEN,NYK,K. Koufos,/players/k/koufoko01.html,T. Chandler,/players/c/chandty01.html,1
201212090PHO,https://www.basketball-reference.com/boxscores/pbp/201212090PHO.html,Phoenix Suns,Orlando Magic,PHO,ORL,M. Gortat,N. Vučević,J. Dudley,PHO,ORL,S. Telfair,/players/t/telfase01.html,PHO,ORL,M. Gortat,/players/g/gortama01.html,N. Vučević,/players/v/vucevni01.html,1
201212090LAL,https://www.basketball-reference.com/boxscores/pbp/201212090LAL.html,Los Angeles Lakers,Utah Jazz,LAL,UTA,D. Howard,A. Jefferson,R. Foye,UTA,LAL,M. Williams,/players/w/willima02.html,UTA,LAL,A. Jefferson,/players/j/jeffeal01.html,D. Howard,/players/h/howardw01.html,1
201212100CHA,https://www.basketball-reference.com/boxscores/pbp/201212100CHA.html,Charlotte Bobcats,Golden State Warriors,CHA,GSW,B. Biyombo,F. Ezeli,D. Lee,GSW,CHA,D. Lee,/players/l/leeda02.html,GSW,CHA,F. Ezeli,/players/e/ezelife01.html,B. Biyombo,/players/b/biyombi01.html,1
201212100PHI,https://www.basketball-reference.com/boxscores/pbp/201212100PHI.html,Philadelphia 76ers,Detroit Pistons,PHI,DET,L. Allen,G. Monroe,T. Prince,DET,PHI,B. Knight,/players/k/knighbr03.html,DET,PHI,G. Monroe,/players/m/monrogr01.html,L. Allen,/players/a/allenla01.html,1
201212100MIA,https://www.basketball-reference.com/boxscores/pbp/201212100MIA.html,Miami Heat,Atlanta Hawks,MIA,ATL,C. Bosh,J. Smith,D. Stevenson,ATL,MIA,J. Teague,/players/t/teaguje01.html,ATL,MIA,J. Smith,/players/s/smithjo03.html,C. Bosh,/players/b/boshch01.html,1
201212100HOU,https://www.basketball-reference.com/boxscores/pbp/201212100HOU.html,Houston Rockets,San Antonio Spurs,HOU,SAS,Ö. Aşık,T. Duncan,Ö. Aşık,SAS,HOU,D. Blair,/players/b/blairde01.html,HOU,SAS,T. Duncan,/players/d/duncati01.html,Ö. Aşık,/players/a/asikom01.html,0
201212100DAL,https://www.basketball-reference.com/boxscores/pbp/201212100DAL.html,Dallas Mavericks,Sacramento Kings,DAL,SAC,B. Wright,J. Thompson,D. Fisher,DAL,SAC,C. Kaman,/players/k/kamanch01.html,DAL,SAC,B. Wright,/players/w/wrighbr03.html,J. Thompson,/players/t/thompja02.html,1
201212100POR,https://www.basketball-reference.com/boxscores/pbp/201212100POR.html,Portland Trail Blazers,Toronto Raptors,POR,TOR,J. Hickson,J. Valančiūnas,L. Aldridge,POR,TOR,L. Aldridge,/players/a/aldrila01.html,POR,TOR,J. Hickson,/players/h/hicksjj01.html,J. Valančiūnas,/players/v/valanjo01.html,1
201212110BRK,https://www.basketball-reference.com/boxscores/pbp/201212110BRK.html,Brooklyn Nets,New York Knicks,BRK,NYK,A. Blatche,T. Chandler,R. Evans,NYK,BRK,R. Felton,/players/f/feltora01.html,BRK,NYK,T. Chandler,/players/c/chandty01.html,A. Blatche,/players/b/blatcan01.html,0
201212110CLE,https://www.basketball-reference.com/boxscores/pbp/201212110CLE.html,Cleveland Cavaliers,Los Angeles Lakers,CLE,LAL,A. Varejão,D. Howard,M. World Peace,LAL,CLE,C. Duhon,/players/d/duhonch01.html,LAL,CLE,D. Howard,/players/h/howardw01.html,A. Varejão,/players/v/varejan01.html,1
201212110DET,https://www.basketball-reference.com/boxscores/pbp/201212110DET.html,Detroit Pistons,Denver Nuggets,DET,DEN,G. Monroe,K. Koufos,T. Prince,DET,DEN,K. Singler,/players/s/singlky01.html,DET,DEN,G. Monroe,/players/m/monrogr01.html,K. Koufos,/players/k/koufoko01.html,1
201212110NOH,https://www.basketball-reference.com/boxscores/pbp/201212110NOH.html,New Orleans Hornets,Washington Wizards,NOH,WAS,R. Lopez,E. Okafor,A. Aminu,WAS,NOH,J. Crawford,/players/c/crawfjo02.html,NOH,WAS,E. Okafor,/players/o/okafoem01.html,R. Lopez,/players/l/lopezro01.html,0
201212110CHI,https://www.basketball-reference.com/boxscores/pbp/201212110CHI.html,Chicago Bulls,Los Angeles Clippers,CHI,LAC,J. Noah,D. Jordan,C. Boozer,LAC,CHI,B. Griffin,/players/g/griffbl01.html,CHI,LAC,D. Jordan,/players/j/jordade01.html,J. Noah,/players/n/noahjo01.html,0
201212120IND,https://www.basketball-reference.com/boxscores/pbp/201212120IND.html,Indiana Pacers,Cleveland Cavaliers,IND,CLE,R. Hibbert,A. Varejão,P. George,IND,CLE,D. West,/players/w/westda01.html,IND,CLE,R. Hibbert,/players/h/hibbero01.html,A. Varejão,/players/v/varejan01.html,1
201212120ORL,https://www.basketball-reference.com/boxscores/pbp/201212120ORL.html,Orlando Magic,Atlanta Hawks,ORL,ATL,N. Vučević,J. Smith,J. Smith,ORL,ATL,J. Nelson,/players/n/nelsoja01.html,ATL,ORL,N. Vučević,/players/v/vucevni01.html,J. Smith,/players/s/smithjo03.html,0
201212120TOR,https://www.basketball-reference.com/boxscores/pbp/201212120TOR.html,Toronto Raptors,Brooklyn Nets,TOR,BRK,J. Valančiūnas,A. Blatche,J. Johnson,BRK,TOR,D. Williams,/players/w/willide01.html,BRK,TOR,A. Blatche,/players/b/blatcan01.html,J. Valančiūnas,/players/v/valanjo01.html,1
201212120CHA,https://www.basketball-reference.com/boxscores/pbp/201212120CHA.html,Charlotte Bobcats,Los Angeles Clippers,CHA,LAC,B. Mullens,D. Jordan,C. Paul,LAC,CHA,B. Griffin,/players/g/griffbl01.html,LAC,CHA,D. Jordan,/players/j/jordade01.html,B. Mullens,/players/m/mulleby01.html,1
201212120MIA,https://www.basketball-reference.com/boxscores/pbp/201212120MIA.html,Miami Heat,Golden State Warriors,MIA,GSW,C. Bosh,F. Ezeli,D. Lee,GSW,MIA,D. Lee,/players/l/leeda02.html,GSW,MIA,F. Ezeli,/players/e/ezelife01.html,C. Bosh,/players/b/boshch01.html,1
201212120PHI,https://www.basketball-reference.com/boxscores/pbp/201212120PHI.html,Philadelphia 76ers,Chicago Bulls,PHI,CHI,L. Allen,J. Noah,J. Noah,PHI,CHI,J. Richardson,/players/r/richaja01.html,CHI,PHI,L. Allen,/players/a/allenla01.html,J. Noah,/players/n/noahjo01.html,0
201212120BOS,https://www.basketball-reference.com/boxscores/pbp/201212120BOS.html,Boston Celtics,Dallas Mavericks,BOS,DAL,K. Garnett,C. Kaman,K. Garnett,BOS,DAL,B. Bass,/players/b/bassbr01.html,BOS,DAL,K. Garnett,/players/g/garneke01.html,C. Kaman,/players/k/kamanch01.html,1
201212120HOU,https://www.basketball-reference.com/boxscores/pbp/201212120HOU.html,Houston Rockets,Washington Wizards,HOU,WAS,Ö. Aşık,E. Okafor,E. Okafor,WAS,HOU,C. Singleton,/players/s/singlch01.html,WAS,HOU,E. Okafor,/players/o/okafoem01.html,Ö. Aşık,/players/a/asikom01.html,1
201212120MIL,https://www.basketball-reference.com/boxscores/pbp/201212120MIL.html,Milwaukee Bucks,Sacramento Kings,MIL,SAC,S. Dalembert,T. Outlaw,B. Jennings,MIL,SAC,B. Jennings,/players/j/jennibr01.html,MIL,SAC,S. Dalembert,/players/d/dalemsa01.html,T. Outlaw,/players/o/outlatr01.html,1
201212120MIN,https://www.basketball-reference.com/boxscores/pbp/201212120MIN.html,Minnesota Timberwolves,Denver Nuggets,MIN,DEN,N. Peković,K. Koufos,K. Faried,MIN,DEN,A. Kirilenko,/players/k/kirilan01.html,DEN,MIN,N. Peković,/players/p/pekovni01.html,K. Koufos,/players/k/koufoko01.html,0
201212120OKC,https://www.basketball-reference.com/boxscores/pbp/201212120OKC.html,Oklahoma City Thunder,New Orleans Hornets,OKC,NOH,S. Ibaka,R. Lopez,R. Anderson,OKC,NOH,K. Perkins,/players/p/perkike01.html,NOH,OKC,S. Ibaka,/players/i/ibakase01.html,R. Lopez,/players/l/lopezro01.html,0
201212120PHO,https://www.basketball-reference.com/boxscores/pbp/201212120PHO.html,Phoenix Suns,Memphis Grizzlies,PHO,MEM,,,,,,,,,,,,
201212120UTA,https://www.basketball-reference.com/boxscores/pbp/201212120UTA.html,Utah Jazz,San Antonio Spurs,UTA,SAS,A. Jefferson,T. Duncan,T. Duncan,SAS,UTA,T. Parker,/players/p/parketo01.html,SAS,UTA,T. Duncan,/players/d/duncati01.html,A. Jefferson,/players/j/jeffeal01.html,1
201212130ATL,https://www.basketball-reference.com/boxscores/pbp/201212130ATL.html,Atlanta Hawks,Charlotte Bobcats,ATL,CHA,J. Smith,B. Mullens,J. Smith,CHA,ATL,K. Walker,/players/w/walkeke02.html,ATL,CHA,B. Mullens,/players/m/mulleby01.html,J. Smith,/players/s/smithjo03.html,0
201212130NYK,https://www.basketball-reference.com/boxscores/pbp/201212130NYK.html,New York Knicks,Los Angeles Lakers,NYK,LAL,T. Chandler,D. Howard,C. Anthony,NYK,LAL,R. Felton,/players/f/feltora01.html,NYK,LAL,T. Chandler,/players/c/chandty01.html,D. Howard,/players/h/howardw01.html,1
201212130POR,https://www.basketball-reference.com/boxscores/pbp/201212130POR.html,Portland Trail Blazers,San Antonio Spurs,POR,SAS,J. Hickson,T. Duncan,L. Aldridge,SAS,POR,T. Parker,/players/p/parketo01.html,POR,SAS,T. Duncan,/players/d/duncati01.html,J. Hickson,/players/h/hicksjj01.html,0
201212140IND,https://www.basketball-reference.com/boxscores/pbp/201212140IND.html,Indiana Pacers,Philadelphia 76ers,IND,PHI,R. Hibbert,K. Brown,N. Young,IND,PHI,D. West,/players/w/westda01.html,PHI,IND,R. Hibbert,/players/h/hibbero01.html,K. Brown,/players/b/brownkw01.html,0
201212140ORL,https://www.basketball-reference.com/boxscores/pbp/201212140ORL.html,Orlando Magic,Golden State Warriors,ORL,GSW,N. Vučević,F. Ezeli,N. Vučević,GSW,ORL,S. Curry,/players/c/curryst01.html,ORL,GSW,F. Ezeli,/players/e/ezelife01.html,N. Vučević,/players/v/vucevni01.html,0
201212140TOR,https://www.basketball-reference.com/boxscores/pbp/201212140TOR.html,Toronto Raptors,Dallas Mavericks,TOR,DAL,J. Valančiūnas,C. Kaman,C. Kaman,DAL,TOR,D. Fisher,/players/f/fishede01.html,DAL,TOR,C. Kaman,/players/k/kamanch01.html,J. Valančiūnas,/players/v/valanjo01.html,1
201212140WAS,https://www.basketball-reference.com/boxscores/pbp/201212140WAS.html,Washington Wizards,Los Angeles Lakers,WAS,LAL,E. Okafor,D. Howard,M. World Peace,LAL,WAS,D. Ebanks,/players/e/ebankde01.html,LAL,WAS,D. Howard,/players/h/howardw01.html,E. Okafor,/players/o/okafoem01.html,1
201212140BRK,https://www.basketball-reference.com/boxscores/pbp/201212140BRK.html,Brooklyn Nets,Detroit Pistons,BRK,DET,B. Lopez,G. Monroe,T. Prince,BRK,DET,D. Williams,/players/w/willide01.html,DET,BRK,B. Lopez,/players/l/lopezbr01.html,G. Monroe,/players/m/monrogr01.html,0
201212140CLE,https://www.basketball-reference.com/boxscores/pbp/201212140CLE.html,Cleveland Cavaliers,Milwaukee Bucks,CLE,MIL,A. Varejão,L. Sanders,M. Ellis,MIL,CLE,B. Jennings,/players/j/jennibr01.html,MIL,CLE,L. Sanders,/players/s/sandela01.html,A. Varejão,/players/v/varejan01.html,1
201212140HOU,https://www.basketball-reference.com/boxscores/pbp/201212140HOU.html,Houston Rockets,Boston Celtics,HOU,BOS,Ö. Aşık,K. Garnett,C. Parsons,HOU,BOS,J. Lin,/players/l/linje01.html,HOU,BOS,Ö. Aşık,/players/a/asikom01.html,K. Garnett,/players/g/garneke01.html,1
201212140NOH,https://www.basketball-reference.com/boxscores/pbp/201212140NOH.html,New Orleans Hornets,Minnesota Timberwolves,NOH,MIN,R. Lopez,N. Peković,L. Ridnour,MIN,NOH,A. Kirilenko,/players/k/kirilan01.html,MIN,NOH,N. Peković,/players/p/pekovni01.html,R. Lopez,/players/l/lopezro01.html,1
201212140OKC,https://www.basketball-reference.com/boxscores/pbp/201212140OKC.html,Oklahoma City Thunder,Sacramento Kings,OKC,SAC,S. Ibaka,J. Thompson,K. Durant,OKC,SAC,K. Perkins,/players/p/perkike01.html,OKC,SAC,S. Ibaka,/players/i/ibakase01.html,J. Thompson,/players/t/thompja02.html,1
201212140PHO,https://www.basketball-reference.com/boxscores/pbp/201212140PHO.html,Phoenix Suns,Utah Jazz,PHO,UTA,M. Gortat,A. Jefferson,M. Gortat,PHO,UTA,J. Dudley,/players/d/dudleja01.html,PHO,UTA,M. Gortat,/players/g/gortama01.html,A. Jefferson,/players/j/jeffeal01.html,1
201212140DEN,https://www.basketball-reference.com/boxscores/pbp/201212140DEN.html,Denver Nuggets,Memphis Grizzlies,DEN,MEM,K. Koufos,M. Gasol,Z. Randolph,MEM,DEN,M. Conley,/players/c/conlemi01.html,MEM,DEN,M. Gasol,/players/g/gasolma01.html,K. Koufos,/players/k/koufoko01.html,1
201212150ATL,https://www.basketball-reference.com/boxscores/pbp/201212150ATL.html,Atlanta Hawks,Golden State Warriors,ATL,GSW,J. Smith,A. Biedriņš,A. Horford,GSW,ATL,S. Curry,/players/c/curryst01.html,ATL,GSW,A. Biedriņš,/players/b/biedran01.html,J. Smith,/players/s/smithjo03.html,0
201212150CHA,https://www.basketball-reference.com/boxscores/pbp/201212150CHA.html,Charlotte Bobcats,Orlando Magic,CHA,ORL,B. Mullens,N. Vučević,K. Walker,ORL,CHA,J. Nelson,/players/n/nelsoja01.html,CHA,ORL,N. Vučević,/players/v/vucevni01.html,B. Mullens,/players/m/mulleby01.html,0
201212150DET,https://www.basketball-reference.com/boxscores/pbp/201212150DET.html,Detroit Pistons,Indiana Pacers,DET,IND,G. Monroe,R. Hibbert,P. George,IND,DET,D. West,/players/w/westda01.html,IND,DET,R. Hibbert,/players/h/hibbero01.html,G. Monroe,/players/m/monrogr01.html,1
201212150MIA,https://www.basketball-reference.com/boxscores/pbp/201212150MIA.html,Miami Heat,Washington Wizards,MIA,WAS,C. Bosh,E. Okafor,L. James,MIA,WAS,L. James,/players/j/jamesle01.html,MIA,WAS,C. Bosh,/players/b/boshch01.html,E. Okafor,/players/o/okafoem01.html,1
201212150NYK,https://www.basketball-reference.com/boxscores/pbp/201212150NYK.html,New York Knicks,Cleveland Cavaliers,NYK,CLE,T. Chandler,T. Thompson,C. Miles,CLE,NYK,A. Varejão,/players/v/varejan01.html,CLE,NYK,T. Thompson,/players/t/thomptr01.html,T. Chandler,/players/c/chandty01.html,1
201212150CHI,https://www.basketball-reference.com/boxscores/pbp/201212150CHI.html,Chicago Bulls,Brooklyn Nets,CHI,BRK,J. Noah,B. Lopez,J. Noah,BRK,CHI,D. Williams,/players/w/willide01.html,CHI,BRK,B. Lopez,/players/l/lopezbr01.html,J. Noah,/players/n/noahjo01.html,0
201212150MIN,https://www.basketball-reference.com/boxscores/pbp/201212150MIN.html,Minnesota Timberwolves,Dallas Mavericks,MIN,DAL,N. Peković,C. Kaman,L. Ridnour,MIN,DAL,L. Ridnour,/players/r/ridnolu01.html,MIN,DAL,N. Peković,/players/p/pekovni01.html,C. Kaman,/players/k/kamanch01.html,1
201212150MIL,https://www.basketball-reference.com/boxscores/pbp/201212150MIL.html,Milwaukee Bucks,Los Angeles Clippers,MIL,LAC,L. Sanders,D. Jordan,L. Sanders,LAC,MIL,C. Paul,/players/p/paulch01.html,MIL,LAC,D. Jordan,/players/j/jordade01.html,L. Sanders,/players/s/sandela01.html,0
201212150SAS,https://www.basketball-reference.com/boxscores/pbp/201212150SAS.html,San Antonio Spurs,Boston Celtics,SAS,BOS,T. Duncan,K. Garnett,P. Pierce,BOS,SAS,B. Bass,/players/b/bassbr01.html,BOS,SAS,K. Garnett,/players/g/garneke01.html,T. Duncan,/players/d/duncati01.html,1
201212150UTA,https://www.basketball-reference.com/boxscores/pbp/201212150UTA.html,Utah Jazz,Memphis Grizzlies,UTA,MEM,A. Jefferson,M. Gasol,M. Gasol,MEM,UTA,M. Conley,/players/c/conlemi01.html,MEM,UTA,M. Gasol,/players/g/gasolma01.html,A. Jefferson,/players/j/jeffeal01.html,1
201212160TOR,https://www.basketball-reference.com/boxscores/pbp/201212160TOR.html,Toronto Raptors,Houston Rockets,TOR,HOU,J. Valančiūnas,Ö. Aşık,D. DeRozan,TOR,HOU,E. Davis,/players/d/davised01.html,TOR,HOU,J. Valančiūnas,/players/v/valanjo01.html,Ö. Aşık,/players/a/asikom01.html,1
201212160PHI,https://www.basketball-reference.com/boxscores/pbp/201212160PHI.html,Philadelphia 76ers,Los Angeles Lakers,PHI,LAL,K. Brown,D. Howard,K. Bryant,LAL,PHI,K. Bryant,/players/b/bryanko01.html,LAL,PHI,D. Howard,/players/h/howardw01.html,K. Brown,/players/b/brownkw01.html,1
201212160SAC,https://www.basketball-reference.com/boxscores/pbp/201212160SAC.html,Sacramento Kings,Denver Nuggets,SAC,DEN,J. Thompson,K. Koufos,D. Cousins,DEN,SAC,T. Lawson,/players/l/lawsoty01.html,SAC,DEN,K. Koufos,/players/k/koufoko01.html,J. Thompson,/players/t/thompja02.html,0
201212160POR,https://www.basketball-reference.com/boxscores/pbp/201212160POR.html,Portland Trail Blazers,New Orleans Hornets,POR,NOH,J. Hickson,R. Lopez,W. Matthews,NOH,POR,G. Vásquez,/players/v/vasqugr01.html,POR,NOH,R. Lopez,/players/l/lopezro01.html,J. Hickson,/players/h/hicksjj01.html,0
201212170ORL,https://www.basketball-reference.com/boxscores/pbp/201212170ORL.html,Orlando Magic,Minnesota Timberwolves,ORL,MIN,N. Vučević,N. Peković,M. Harkless,ORL,MIN,N. Vučević,/players/v/vucevni01.html,ORL,MIN,N. Vučević,/players/v/vucevni01.html,N. Peković,/players/p/pekovni01.html,1
201212170DET,https://www.basketball-reference.com/boxscores/pbp/201212170DET.html,Detroit Pistons,Los Angeles Clippers,DET,LAC,G. Monroe,D. Jordan,T. Prince,LAC,DET,C. Paul,/players/p/paulch01.html,DET,LAC,D. Jordan,/players/j/jordade01.html,G. Monroe,/players/m/monrogr01.html,0
201212170NYK,https://www.basketball-reference.com/boxscores/pbp/201212170NYK.html,New York Knicks,Houston Rockets,NYK,HOU,T. Chandler,Ö. Aşık,R. Felton,NYK,HOU,R. Felton,/players/f/feltora01.html,NYK,HOU,T. Chandler,/players/c/chandty01.html,Ö. Aşık,/players/a/asikom01.html,1
201212170MEM,https://www.basketball-reference.com/boxscores/pbp/201212170MEM.html,Memphis Grizzlies,Chicago Bulls,MEM,CHI,M. Gasol,J. Noah,C. Boozer,MEM,CHI,M. Conley,/players/c/conlemi01.html,CHI,MEM,M. Gasol,/players/g/gasolma01.html,J. Noah,/players/n/noahjo01.html,0
201212170OKC,https://www.basketball-reference.com/boxscores/pbp/201212170OKC.html,Oklahoma City Thunder,San Antonio Spurs,OKC,SAS,S. Ibaka,T. Duncan,T. Duncan,SAS,OKC,T. Parker,/players/p/parketo01.html,SAS,OKC,T. Duncan,/players/d/duncati01.html,S. Ibaka,/players/i/ibakase01.html,1
201212170PHO,https://www.basketball-reference.com/boxscores/pbp/201212170PHO.html,Phoenix Suns,Sacramento Kings,PHO,SAC,M. Gortat,J. Thompson,S. Brown,PHO,SAC,G. Dragić,/players/d/dragigo01.html,PHO,SAC,M. Gortat,/players/g/gortama01.html,J. Thompson,/players/t/thompja02.html,1
201212180CLE,https://www.basketball-reference.com/boxscores/pbp/201212180CLE.html,Cleveland Cavaliers,Toronto Raptors,CLE,TOR,A. Varejão,J. Valančiūnas,J. Valančiūnas,CLE,TOR,K. Irving,/players/i/irvinky01.html,TOR,CLE,A. Varejão,/players/v/varejan01.html,J. Valančiūnas,/players/v/valanjo01.html,0
201212180WAS,https://www.basketball-reference.com/boxscores/pbp/201212180WAS.html,Washington Wizards,Atlanta Hawks,WAS,ATL,E. Okafor,J. Smith,D. Harris,ATL,WAS,D. Harris,/players/h/harride01.html,ATL,WAS,J. Smith,/players/s/smithjo03.html,E. Okafor,/players/o/okafoem01.html,1
201212180BRK,https://www.basketball-reference.com/boxscores/pbp/201212180BRK.html,Brooklyn Nets,Utah Jazz,BRK,UTA,B. Lopez,A. Jefferson,D. Williams,UTA,BRK,P. Millsap,/players/m/millspa01.html,BRK,UTA,A. Jefferson,/players/j/jeffeal01.html,B. Lopez,/players/l/lopezbr01.html,0
201212180MIA,https://www.basketball-reference.com/boxscores/pbp/201212180MIA.html,Miami Heat,Minnesota Timberwolves,MIA,MIN,C. Bosh,N. Peković,L. James,MIA,MIN,D. Wade,/players/w/wadedw01.html,MIA,MIN,C. Bosh,/players/b/boshch01.html,N. Peković,/players/p/pekovni01.html,1
201212180CHI,https://www.basketball-reference.com/boxscores/pbp/201212180CHI.html,Chicago Bulls,Boston Celtics,CHI,BOS,J. Noah,K. Garnett,C. Boozer,CHI,BOS,C. Boozer,/players/b/boozeca01.html,CHI,BOS,J. Noah,/players/n/noahjo01.html,K. Garnett,/players/g/garneke01.html,1
201212180MIL,https://www.basketball-reference.com/boxscores/pbp/201212180MIL.html,Milwaukee Bucks,Indiana Pacers,MIL,IND,L. Sanders,R. Hibbert,P. George,MIL,IND,L. Mbah a Moute,/players/m/mbahalu01.html,IND,MIL,L. Sanders,/players/s/sandela01.html,R. Hibbert,/players/h/hibbero01.html,0
201212180DAL,https://www.basketball-reference.com/boxscores/pbp/201212180DAL.html,Dallas Mavericks,Philadelphia 76ers,DAL,PHI,C. Kaman,K. Brown,N. Young,DAL,PHI,S. Marion,/players/m/mariosh01.html,PHI,DAL,C. Kaman,/players/k/kamanch01.html,K. Brown,/players/b/brownkw01.html,0
201212180DEN,https://www.basketball-reference.com/boxscores/pbp/201212180DEN.html,Denver Nuggets,San Antonio Spurs,DEN,SAS,K. Koufos,T. Duncan,T. Splitter,SAS,DEN,T. Splitter,/players/s/splitti01.html,SAS,DEN,T. Duncan,/players/d/duncati01.html,K. Koufos,/players/k/koufoko01.html,1
201212180GSW,https://www.basketball-reference.com/boxscores/pbp/201212180GSW.html,Golden State Warriors,New Orleans Hornets,GSW,NOH,F. Ezeli,R. Lopez,D. Lee,GSW,NOH,D. Lee,/players/l/leeda02.html,GSW,NOH,F. Ezeli,/players/e/ezelife01.html,R. Lopez,/players/l/lopezro01.html,1
201212180LAL,https://www.basketball-reference.com/boxscores/pbp/201212180LAL.html,Los Angeles Lakers,Charlotte Bobcats,LAL,CHA,D. Howard,B. Mullens,D. Howard,LAL,CHA,C. Duhon,/players/d/duhonch01.html,LAL,CHA,D. Howard,/players/h/howardw01.html,B. Mullens,/players/m/mulleby01.html,1
201212190IND,https://www.basketball-reference.com/boxscores/pbp/201212190IND.html,Indiana Pacers,Utah Jazz,IND,UTA,R. Hibbert,A. Jefferson,R. Hibbert,UTA,IND,M. Williams,/players/w/willima01.html,IND,UTA,A. Jefferson,/players/j/jeffeal01.html,R. Hibbert,/players/h/hibbero01.html,0
201212190NYK,https://www.basketball-reference.com/boxscores/pbp/201212190NYK.html,New York Knicks,Brooklyn Nets,NYK,BRK,T. Chandler,B. Lopez,C. Anthony,NYK,BRK,R. Felton,/players/f/feltora01.html,NYK,BRK,T. Chandler,/players/c/chandty01.html,B. Lopez,/players/l/lopezbr01.html,1
201212190ORL,https://www.basketball-reference.com/boxscores/pbp/201212190ORL.html,Orlando Magic,Washington Wizards,ORL,WAS,N. Vučević,E. Okafor,M. Harkless,WAS,ORL,E. Barron,/players/b/barroea01.html,ORL,WAS,E. Okafor,/players/o/okafoem01.html,N. Vučević,/players/v/vucevni01.html,0
201212190TOR,https://www.basketball-reference.com/boxscores/pbp/201212190TOR.html,Toronto Raptors,Detroit Pistons,TOR,DET,J. Valančiūnas,G. Monroe,D. DeRozan,TOR,DET,M. Piétrus,/players/p/pietrmi01.html,TOR,DET,J. Valančiūnas,/players/v/valanjo01.html,G. Monroe,/players/m/monrogr01.html,1
201212190ATL,https://www.basketball-reference.com/boxscores/pbp/201212190ATL.html,Atlanta Hawks,Oklahoma City Thunder,ATL,OKC,J. Smith,S. Ibaka,A. Horford,ATL,OKC,J. Teague,/players/t/teaguje01.html,ATL,OKC,J. Smith,/players/s/smithjo03.html,S. Ibaka,/players/i/ibakase01.html,1
201212190BOS,https://www.basketball-reference.com/boxscores/pbp/201212190BOS.html,Boston Celtics,Cleveland Cavaliers,BOS,CLE,K. Garnett,T. Zeller,R. Rondo,CLE,BOS,K. Irving,/players/i/irvinky01.html,BOS,CLE,T. Zeller,/players/z/zellety01.html,K. Garnett,/players/g/garneke01.html,0
201212190HOU,https://www.basketball-reference.com/boxscores/pbp/201212190HOU.html,Houston Rockets,Philadelphia 76ers,HOU,PHI,Ö. Aşık,K. Brown,J. Harden,HOU,PHI,J. Lin,/players/l/linje01.html,HOU,PHI,Ö. Aşık,/players/a/asikom01.html,K. Brown,/players/b/brownkw01.html,1
201212190PHO,https://www.basketball-reference.com/boxscores/pbp/201212190PHO.html,Phoenix Suns,Charlotte Bobcats,PHO,CHA,M. Gortat,B. Mullens,K. Walker,CHA,PHO,G. Henderson,/players/h/hendege02.html,CHA,PHO,B. Mullens,/players/m/mulleby01.html,M. Gortat,/players/g/gortama01.html,1
201212190MEM,https://www.basketball-reference.com/boxscores/pbp/201212190MEM.html,Memphis Grizzlies,Milwaukee Bucks,MEM,MIL,M. Gasol,L. Sanders,L. Mbah a Moute,MEM,MIL,M. Conley,/players/c/conlemi01.html,MIL,MEM,M. Gasol,/players/g/gasolma01.html,L. Sanders,/players/s/sandela01.html,0
201212190SAC,https://www.basketball-reference.com/boxscores/pbp/201212190SAC.html,Sacramento Kings,Golden State Warriors,SAC,GSW,J. Thompson,F. Ezeli,A. Brooks,GSW,SAC,S. Curry,/players/c/curryst01.html,SAC,GSW,F. Ezeli,/players/e/ezelife01.html,J. Thompson,/players/t/thompja02.html,0
201212190LAC,https://www.basketball-reference.com/boxscores/pbp/201212190LAC.html,Los Angeles Clippers,New Orleans Hornets,LAC,NOH,D. Jordan,R. Lopez,R. Lopez,LAC,NOH,C. Paul,/players/p/paulch01.html,NOH,LAC,D. Jordan,/players/j/jordade01.html,R. Lopez,/players/l/lopezro01.html,0
201212200MIN,https://www.basketball-reference.com/boxscores/pbp/201212200MIN.html,Minnesota Timberwolves,Oklahoma City Thunder,MIN,OKC,N. Peković,S. Ibaka,A. Kirilenko,OKC,MIN,K. Durant,/players/d/duranke01.html,MIN,OKC,S. Ibaka,/players/i/ibakase01.html,N. Peković,/players/p/pekovni01.html,0
201212200DAL,https://www.basketball-reference.com/boxscores/pbp/201212200DAL.html,Dallas Mavericks,Miami Heat,DAL,MIA,C. Kaman,C. Bosh,O. Mayo,DAL,MIA,D. Collison,/players/c/collida01.html,DAL,MIA,C. Kaman,/players/k/kamanch01.html,C. Bosh,/players/b/boshch01.html,1
201212200POR,https://www.basketball-reference.com/boxscores/pbp/201212200POR.html,Portland Trail Blazers,Denver Nuggets,POR,DEN,J. Hickson,K. Koufos,N. Batum,DEN,POR,T. Lawson,/players/l/lawsoty01.html,POR,DEN,K. Koufos,/players/k/koufoko01.html,J. Hickson,/players/h/hicksjj01.html,0
201212210PHI,https://www.basketball-reference.com/boxscores/pbp/201212210PHI.html,Philadelphia 76ers,Atlanta Hawks,PHI,ATL,L. Allen,J. Smith,J. Smith,ATL,PHI,K. Korver,/players/k/korveky01.html,ATL,PHI,J. Smith,/players/s/smithjo03.html,L. Allen,/players/a/allenla01.html,1
201212210TOR,https://www.basketball-reference.com/boxscores/pbp/201212210TOR.html,Toronto Raptors,Orlando Magic,TOR,ORL,J. Valančiūnas,N. Vučević,A. Nicholson,ORL,TOR,J. Nelson,/players/n/nelsoja01.html,ORL,TOR,N. Vučević,/players/v/vucevni01.html,J. Valančiūnas,/players/v/valanjo01.html,1
201212210BOS,https://www.basketball-reference.com/boxscores/pbp/201212210BOS.html,Boston Celtics,Milwaukee Bucks,BOS,MIL,K. Garnett,L. Sanders,L. Sanders,BOS,MIL,R. Rondo,/players/r/rondora01.html,MIL,BOS,K. Garnett,/players/g/garneke01.html,L. Sanders,/players/s/sandela01.html,0
201212210CLE,https://www.basketball-reference.com/boxscores/pbp/201212210CLE.html,Cleveland Cavaliers,Indiana Pacers,CLE,IND,T. Zeller,R. Hibbert,R. Hibbert,IND,CLE,G. Hill,/players/h/hillge01.html,IND,CLE,R. Hibbert,/players/h/hibbero01.html,T. Zeller,/players/z/zellety01.html,1
201212210DET,https://www.basketball-reference.com/boxscores/pbp/201212210DET.html,Detroit Pistons,Washington Wizards,DET,WAS,G. Monroe,E. Okafor,B. Knight,DET,WAS,J. Maxiell,/players/m/maxieja01.html,DET,WAS,G. Monroe,/players/m/monrogr01.html,E. Okafor,/players/o/okafoem01.html,1
201212210NYK,https://www.basketball-reference.com/boxscores/pbp/201212210NYK.html,New York Knicks,Chicago Bulls,NYK,CHI,T. Chandler,J. Noah,L. Deng,CHI,NYK,C. Boozer,/players/b/boozeca01.html,CHI,NYK,J. Noah,/players/n/noahjo01.html,T. Chandler,/players/c/chandty01.html,1
201212210MEM,https://www.basketball-reference.com/boxscores/pbp/201212210MEM.html,Memphis Grizzlies,Dallas Mavericks,MEM,DAL,M. Gasol,C. Kaman,Z. Randolph,DAL,MEM,D. Collison,/players/c/collida01.html,MEM,DAL,C. Kaman,/players/k/kamanch01.html,M. Gasol,/players/g/gasolma01.html,0
201212210SAS,https://www.basketball-reference.com/boxscores/pbp/201212210SAS.html,San Antonio Spurs,New Orleans Hornets,SAS,NOH,T. Duncan,R. Lopez,G. Vásquez,NOH,SAS,A. Davis,/players/d/davisan02.html,NOH,SAS,R. Lopez,/players/l/lopezro01.html,T. Duncan,/players/d/duncati01.html,1
201212210GSW,https://www.basketball-reference.com/boxscores/pbp/201212210GSW.html,Golden State Warriors,Charlotte Bobcats,GSW,CHA,F. Ezeli,B. Mullens,S. Curry,GSW,CHA,S. Curry,/players/c/curryst01.html,GSW,CHA,F. Ezeli,/players/e/ezelife01.html,B. Mullens,/players/m/mulleby01.html,1
201212210LAC,https://www.basketball-reference.com/boxscores/pbp/201212210LAC.html,Los Angeles Clippers,Sacramento Kings,LAC,SAC,D. Jordan,J. Thompson,D. Jordan,SAC,LAC,M. Thornton,/players/t/thornma01.html,LAC,SAC,J. Thompson,/players/t/thompja02.html,D. Jordan,/players/j/jordade01.html,0
201212220ATL,https://www.basketball-reference.com/boxscores/pbp/201212220ATL.html,Atlanta Hawks,Chicago Bulls,ATL,CHI,J. Smith,J. Noah,J. Noah,ATL,CHI,J. Teague,/players/t/teaguje01.html,CHI,ATL,J. Smith,/players/s/smithjo03.html,J. Noah,/players/n/noahjo01.html,0
201212220WAS,https://www.basketball-reference.com/boxscores/pbp/201212220WAS.html,Washington Wizards,Detroit Pistons,WAS,DET,E. Okafor,G. Monroe,G. Monroe,WAS,DET,J. Crawford,/players/c/crawfjo02.html,DET,WAS,E. Okafor,/players/o/okafoem01.html,G. Monroe,/players/m/monrogr01.html,0
201212220MIA,https://www.basketball-reference.com/boxscores/pbp/201212220MIA.html,Miami Heat,Utah Jazz,MIA,UTA,L. James,A. Jefferson,M. Williams,UTA,MIA,P. Millsap,/players/m/millspa01.html,UTA,MIA,A. Jefferson,/players/j/jeffeal01.html,L. James,/players/j/jamesle01.html,1
201212220HOU,https://www.basketball-reference.com/boxscores/pbp/201212220HOU.html,Houston Rockets,Memphis Grizzlies,HOU,MEM,Ö. Aşık,M. Gasol,Z. Randolph,MEM,HOU,Z. Randolph,/players/r/randoza01.html,MEM,HOU,M. Gasol,/players/g/gasolma01.html,Ö. Aşık,/players/a/asikom01.html,1
201212220NOH,https://www.basketball-reference.com/boxscores/pbp/201212220NOH.html,New Orleans Hornets,Indiana Pacers,NOH,IND,R. Lopez,R. Hibbert,G. Vásquez,IND,NOH,D. West,/players/w/westda01.html,NOH,IND,R. Hibbert,/players/h/hibbero01.html,R. Lopez,/players/l/lopezro01.html,0
201212220MIL,https://www.basketball-reference.com/boxscores/pbp/201212220MIL.html,Milwaukee Bucks,Cleveland Cavaliers,MIL,CLE,L. Sanders,T. Zeller,D. Waiters,MIL,CLE,M. Daniels,/players/d/daniema01.html,CLE,MIL,L. Sanders,/players/s/sandela01.html,T. Zeller,/players/z/zellety01.html,0
201212220DEN,https://www.basketball-reference.com/boxscores/pbp/201212220DEN.html,Denver Nuggets,Charlotte Bobcats,DEN,CHA,K. Koufos,B. Mullens,A. Iguodala,DEN,CHA,D. Gallinari,/players/g/gallida01.html,DEN,CHA,K. Koufos,/players/k/koufoko01.html,B. Mullens,/players/m/mulleby01.html,1
201212220POR,https://www.basketball-reference.com/boxscores/pbp/201212220POR.html,Portland Trail Blazers,Phoenix Suns,POR,PHO,J. Hickson,M. Gortat,J. Hickson,PHO,POR,G. Dragić,/players/d/dragigo01.html,POR,PHO,M. Gortat,/players/g/gortama01.html,J. Hickson,/players/h/hicksjj01.html,0
201212220GSW,https://www.basketball-reference.com/boxscores/pbp/201212220GSW.html,Golden State Warriors,Los Angeles Lakers,GSW,LAL,F. Ezeli,D. Howard,D. Morris,GSW,LAL,D. Lee,/players/l/leeda02.html,LAL,GSW,F. Ezeli,/players/e/ezelife01.html,D. Howard,/players/h/howardw01.html,0
201212230BRK,https://www.basketball-reference.com/boxscores/pbp/201212230BRK.html,Brooklyn Nets,Philadelphia 76ers,BRK,PHI,B. Lopez,L. Allen,J. Johnson,BRK,PHI,G. Wallace,/players/w/wallage01.html,BRK,PHI,B. Lopez,/players/l/lopezbr01.html,L. Allen,/players/a/allenla01.html,1
201212230NYK,https://www.basketball-reference.com/boxscores/pbp/201212230NYK.html,New York Knicks,Minnesota Timberwolves,NYK,MIN,T. Chandler,N. Peković,A. Kirilenko,MIN,NYK,J. Barea,/players/b/bareajo01.html,MIN,NYK,N. Peković,/players/p/pekovni01.html,T. Chandler,/players/c/chandty01.html,1
201212230ORL,https://www.basketball-reference.com/boxscores/pbp/201212230ORL.html,Orlando Magic,Utah Jazz,ORL,UTA,N. Vučević,A. Jefferson,M. Harkless,ORL,UTA,J. Nelson,/players/n/nelsoja01.html,ORL,UTA,N. Vučević,/players/v/vucevni01.html,A. Jefferson,/players/j/jeffeal01.html,1
201212230SAS,https://www.basketball-reference.com/boxscores/pbp/201212230SAS.html,San Antonio Spurs,Dallas Mavericks,SAS,DAL,T. Duncan,C. Kaman,D. Green,SAS,DAL,T. Splitter,/players/s/splitti01.html,SAS,DAL,T. Duncan,/players/d/duncati01.html,C. Kaman,/players/k/kamanch01.html,1
201212230PHO,https://www.basketball-reference.com/boxscores/pbp/201212230PHO.html,Phoenix Suns,Los Angeles Clippers,PHO,LAC,M. Gortat,D. Jordan,M. Gortat,PHO,LAC,G. Dragić,/players/d/dragigo01.html,PHO,LAC,M. Gortat,/players/g/gortama01.html,D. Jordan,/players/j/jordade01.html,1
201212230SAC,https://www.basketball-reference.com/boxscores/pbp/201212230SAC.html,Sacramento Kings,Portland Trail Blazers,SAC,POR,J. Thompson,J. Hickson,J. Johnson,SAC,POR,M. Thornton,/players/t/thornma01.html,SAC,POR,J. Thompson,/players/t/thompja02.html,J. Hickson,/players/h/hicksjj01.html,1
201212250BRK,https://www.basketball-reference.com/boxscores/pbp/201212250BRK.html,Brooklyn Nets,Boston Celtics,BRK,BOS,B. Lopez,K. Garnett,K. Garnett,BOS,BRK,J. Collins,/players/c/collija04.html,BOS,BRK,K. Garnett,/players/g/garneke01.html,B. Lopez,/players/l/lopezbr01.html,1
201212250LAL,https://www.basketball-reference.com/boxscores/pbp/201212250LAL.html,Los Angeles Lakers,New York Knicks,LAL,NYK,D. Howard,T. Chandler,C. Anthony,LAL,NYK,S. Nash,/players/n/nashst01.html,NYK,LAL,D. Howard,/players/h/howardw01.html,T. Chandler,/players/c/chandty01.html,0
201212250MIA,https://www.basketball-reference.com/boxscores/pbp/201212250MIA.html,Miami Heat,Oklahoma City Thunder,MIA,OKC,C. Bosh,S. Ibaka,D. Wade,OKC,MIA,K. Durant,/players/d/duranke01.html,MIA,OKC,S. Ibaka,/players/i/ibakase01.html,C. Bosh,/players/b/boshch01.html,0
201212250CHI,https://www.basketball-reference.com/boxscores/pbp/201212250CHI.html,Chicago Bulls,Houston Rockets,CHI,HOU,J. Noah,Ö. Aşık,L. Deng,CHI,HOU,C. Boozer,/players/b/boozeca01.html,CHI,HOU,J. Noah,/players/n/noahjo01.html,Ö. Aşık,/players/a/asikom01.html,1
201212250LAC,https://www.basketball-reference.com/boxscores/pbp/201212250LAC.html,Los Angeles Clippers,Denver Nuggets,LAC,DEN,D. Jordan,K. Koufos,B. Griffin,LAC,DEN,C. Paul,/players/p/paulch01.html,LAC,DEN,D. Jordan,/players/j/jordade01.html,K. Koufos,/players/k/koufoko01.html,1
201212260CHA,https://www.basketball-reference.com/boxscores/pbp/201212260CHA.html,Charlotte Bobcats,Miami Heat,CHA,MIA,B. Biyombo,C. Bosh,M. Chalmers,MIA,CHA,M. Chalmers,/players/c/chalmma01.html,MIA,CHA,C. Bosh,/players/b/boshch01.html,B. Biyombo,/players/b/biyombi01.html,1
201212260ORL,https://www.basketball-reference.com/boxscores/pbp/201212260ORL.html,Orlando Magic,New Orleans Hornets,ORL,NOH,N. Vučević,R. Lopez,G. Vásquez,ORL,NOH,J. Nelson,/players/n/nelsoja01.html,NOH,ORL,N. Vučević,/players/v/vucevni01.html,R. Lopez,/players/l/lopezro01.html,0
201212260WAS,https://www.basketball-reference.com/boxscores/pbp/201212260WAS.html,Washington Wizards,Cleveland Cavaliers,WAS,CLE,E. Okafor,T. Zeller,M. Webster,WAS,CLE,S. Mack,/players/m/macksh01.html,WAS,CLE,E. Okafor,/players/o/okafoem01.html,T. Zeller,/players/z/zellety01.html,1
201212260ATL,https://www.basketball-reference.com/boxscores/pbp/201212260ATL.html,Atlanta Hawks,Detroit Pistons,ATL,DET,J. Smith,G. Monroe,T. Prince,ATL,DET,K. Korver,/players/k/korveky01.html,DET,ATL,J. Smith,/players/s/smithjo03.html,G. Monroe,/players/m/monrogr01.html,0
201212260MEM,https://www.basketball-reference.com/boxscores/pbp/201212260MEM.html,Memphis Grizzlies,Philadelphia 76ers,MEM,PHI,M. Gasol,L. Allen,M. Gasol,MEM,PHI,M. Conley,/players/c/conlemi01.html,MEM,PHI,M. Gasol,/players/g/gasolma01.html,L. Allen,/players/a/allenla01.html,1
201212260MIL,https://www.basketball-reference.com/boxscores/pbp/201212260MIL.html,Milwaukee Bucks,Brooklyn Nets,MIL,BRK,L. Sanders,B. Lopez,M. Ellis,MIL,BRK,B. Jennings,/players/j/jennibr01.html,MIL,BRK,L. Sanders,/players/s/sandela01.html,B. Lopez,/players/l/lopezbr01.html,1
201212260MIN,https://www.basketball-reference.com/boxscores/pbp/201212260MIN.html,Minnesota Timberwolves,Houston Rockets,MIN,HOU,N. Peković,Ö. Aşık,L. Ridnour,MIN,HOU,L. Ridnour,/players/r/ridnolu01.html,MIN,HOU,N. Peković,/players/p/pekovni01.html,Ö. Aşık,/players/a/asikom01.html,1
201212260SAS,https://www.basketball-reference.com/boxscores/pbp/201212260SAS.html,San Antonio Spurs,Toronto Raptors,SAS,TOR,T. Duncan,A. Gray,T. Parker,SAS,TOR,T. Parker,/players/p/parketo01.html,SAS,TOR,T. Duncan,/players/d/duncati01.html,A. Gray,/players/g/grayaa01.html,1
201212260DEN,https://www.basketball-reference.com/boxscores/pbp/201212260DEN.html,Denver Nuggets,Los Angeles Lakers,DEN,LAL,K. Koufos,D. Howard,K. Faried,DEN,LAL,T. Lawson,/players/l/lawsoty01.html,DEN,LAL,K. Koufos,/players/k/koufoko01.html,D. Howard,/players/h/howardw01.html,1
201212260PHO,https://www.basketball-reference.com/boxscores/pbp/201212260PHO.html,Phoenix Suns,New York Knicks,PHO,NYK,M. Gortat,T. Chandler,T. Chandler,NYK,PHO,J. White,/players/w/whiteja02.html,NYK,PHO,T. Chandler,/players/c/chandty01.html,M. Gortat,/players/g/gortama01.html,1
201212260UTA,https://www.basketball-reference.com/boxscores/pbp/201212260UTA.html,Utah Jazz,Golden State Warriors,UTA,GSW,A. Jefferson,F. Ezeli,A. Jefferson,UTA,GSW,J. Tinsley,/players/t/tinslja01.html,UTA,GSW,A. Jefferson,/players/j/jeffeal01.html,F. Ezeli,/players/e/ezelife01.html,1
201212260POR,https://www.basketball-reference.com/boxscores/pbp/201212260POR.html,Portland Trail Blazers,Sacramento Kings,POR,SAC,J. Hickson,J. Thompson,N. Batum,POR,SAC,D. Lillard,/players/l/lillada01.html,POR,SAC,J. Hickson,/players/h/hicksjj01.html,J. Thompson,/players/t/thompja02.html,1
201212270OKC,https://www.basketball-reference.com/boxscores/pbp/201212270OKC.html,Oklahoma City Thunder,Dallas Mavericks,OKC,DAL,S. Ibaka,C. Kaman,S. Ibaka,OKC,DAL,K. Perkins,/players/p/perkike01.html,OKC,DAL,S. Ibaka,/players/i/ibakase01.html,C. Kaman,/players/k/kamanch01.html,1
201212270LAC,https://www.basketball-reference.com/boxscores/pbp/201212270LAC.html,Los Angeles Clippers,Boston Celtics,LAC,BOS,D. Jordan,K. Garnett,B. Griffin,LAC,BOS,C. Paul,/players/p/paulch01.html,LAC,BOS,D. Jordan,/players/j/jordade01.html,K. Garnett,/players/g/garneke01.html,1
201212280IND,https://www.basketball-reference.com/boxscores/pbp/201212280IND.html,Indiana Pacers,Phoenix Suns,IND,PHO,R. Hibbert,M. Gortat,L. Scola,PHO,IND,S. Telfair,/players/t/telfase01.html,PHO,IND,M. Gortat,/players/g/gortama01.html,R. Hibbert,/players/h/hibbero01.html,1
201212280WAS,https://www.basketball-reference.com/boxscores/pbp/201212280WAS.html,Washington Wizards,Orlando Magic,WAS,ORL,E. Okafor,N. Vučević,N. Hilário,WAS,ORL,S. Mack,/players/m/macksh01.html,WAS,ORL,E. Okafor,/players/o/okafoem01.html,N. Vučević,/players/v/vucevni01.html,1
201212280BRK,https://www.basketball-reference.com/boxscores/pbp/201212280BRK.html,Brooklyn Nets,Charlotte Bobcats,BRK,CHA,B. Lopez,B. Biyombo,K. Bogans,BRK,CHA,G. Wallace,/players/w/wallage01.html,BRK,CHA,B. Lopez,/players/l/lopezbr01.html,B. Biyombo,/players/b/biyombi01.html,1
201212280CLE,https://www.basketball-reference.com/boxscores/pbp/201212280CLE.html,Cleveland Cavaliers,Atlanta Hawks,CLE,ATL,T. Zeller,J. Smith,A. Horford,ATL,CLE,J. Teague,/players/t/teaguje01.html,ATL,CLE,J. Smith,/players/s/smithjo03.html,T. Zeller,/players/z/zellety01.html,1
201212280DET,https://www.basketball-reference.com/boxscores/pbp/201212280DET.html,Detroit Pistons,Miami Heat,DET,MIA,G. Monroe,C. Bosh,U. Haslem,MIA,DET,M. Miller,/players/m/millemi01.html,MIA,DET,C. Bosh,/players/b/boshch01.html,G. Monroe,/players/m/monrogr01.html,1
201212280NOH,https://www.basketball-reference.com/boxscores/pbp/201212280NOH.html,New Orleans Hornets,Toronto Raptors,NOH,TOR,A. Davis,A. Gray,R. Lopez,NOH,TOR,R. Lopez,/players/l/lopezro01.html,NOH,TOR,A. Davis,/players/d/davisan02.html,A. Gray,/players/g/grayaa01.html,1
201212280DAL,https://www.basketball-reference.com/boxscores/pbp/201212280DAL.html,Dallas Mavericks,Denver Nuggets,DAL,DEN,C. Kaman,K. Koufos,C. Kaman,DAL,DEN,D. Collison,/players/c/collida01.html,DAL,DEN,C. Kaman,/players/k/kamanch01.html,K. Koufos,/players/k/koufoko01.html,1
201212280SAS,https://www.basketball-reference.com/boxscores/pbp/201212280SAS.html,San Antonio Spurs,Houston Rockets,SAS,HOU,T. Duncan,Ö. Aşık,T. Duncan,SAS,HOU,T. Parker,/players/p/parketo01.html,SAS,HOU,T. Duncan,/players/d/duncati01.html,Ö. Aşık,/players/a/asikom01.html,1
201212280UTA,https://www.basketball-reference.com/boxscores/pbp/201212280UTA.html,Utah Jazz,Los Angeles Clippers,UTA,LAC,A. Jefferson,D. Jordan,C. Butler,UTA,LAC,P. Millsap,/players/m/millspa01.html,LAC,UTA,A. Jefferson,/players/j/jeffeal01.html,D. Jordan,/players/j/jordade01.html,0
201212280SAC,https://www.basketball-reference.com/boxscores/pbp/201212280SAC.html,Sacramento Kings,New York Knicks,SAC,NYK,J. Thompson,T. Chandler,T. Chandler,NYK,SAC,J. Kidd,/players/k/kiddja01.html,NYK,SAC,T. Chandler,/players/c/chandty01.html,J. Thompson,/players/t/thompja02.html,1
201212280GSW,https://www.basketball-reference.com/boxscores/pbp/201212280GSW.html,Golden State Warriors,Philadelphia 76ers,GSW,PHI,F. Ezeli,L. Allen,D. Lee,PHI,GSW,D. Wright,/players/w/wrighdo01.html,GSW,PHI,L. Allen,/players/a/allenla01.html,F. Ezeli,/players/e/ezelife01.html,0
201212280LAL,https://www.basketball-reference.com/boxscores/pbp/201212280LAL.html,Los Angeles Lakers,Portland Trail Blazers,LAL,POR,D. Howard,J. Hickson,S. Nash,LAL,POR,S. Nash,/players/n/nashst01.html,LAL,POR,D. Howard,/players/h/howardw01.html,J. Hickson,/players/h/hicksjj01.html,1
201212290ATL,https://www.basketball-reference.com/boxscores/pbp/201212290ATL.html,Atlanta Hawks,Indiana Pacers,ATL,IND,Z. Pachulia,R. Hibbert,Z. Pachulia,IND,ATL,D. West,/players/w/westda01.html,ATL,IND,R. Hibbert,/players/h/hibbero01.html,Z. Pachulia,/players/p/pachuza01.html,0
201212290CHA,https://www.basketball-reference.com/boxscores/pbp/201212290CHA.html,Charlotte Bobcats,New Orleans Hornets,CHA,NOH,B. Biyombo,A. Davis,M. Kidd-Gilchrist,CHA,NOH,K. Walker,/players/w/walkeke02.html,CHA,NOH,B. Biyombo,/players/b/biyombi01.html,A. Davis,/players/d/davisan02.html,1
201212290ORL,https://www.basketball-reference.com/boxscores/pbp/201212290ORL.html,Orlando Magic,Toronto Raptors,ORL,TOR,N. Vučević,A. Gray,D. DeRozan,TOR,ORL,E. Davis,/players/d/davised01.html,TOR,ORL,A. Gray,/players/g/grayaa01.html,N. Vučević,/players/v/vucevni01.html,1
201212290BRK,https://www.basketball-reference.com/boxscores/pbp/201212290BRK.html,Brooklyn Nets,Cleveland Cavaliers,BRK,CLE,B. Lopez,T. Zeller,A. Gee,CLE,BRK,A. Gee,/players/g/geeal01.html,CLE,BRK,T. Zeller,/players/z/zellety01.html,B. Lopez,/players/l/lopezbr01.html,1
201212290CHI,https://www.basketball-reference.com/boxscores/pbp/201212290CHI.html,Chicago Bulls,Washington Wizards,CHI,WAS,J. Noah,E. Okafor,N. Hilário,WAS,CHI,G. Temple,/players/t/templga01.html,WAS,CHI,E. Okafor,/players/o/okafoem01.html,J. Noah,/players/n/noahjo01.html,1
201212290HOU,https://www.basketball-reference.com/boxscores/pbp/201212290HOU.html,Houston Rockets,Oklahoma City Thunder,HOU,OKC,Ö. Aşık,S. Ibaka,J. Harden,OKC,HOU,K. Perkins,/players/p/perkike01.html,HOU,OKC,S. Ibaka,/players/i/ibakase01.html,Ö. Aşık,/players/a/asikom01.html,0
201212290MEM,https://www.basketball-reference.com/boxscores/pbp/201212290MEM.html,Memphis Grizzlies,Denver Nuggets,MEM,DEN,M. Gasol,K. Koufos,R. Gay,MEM,DEN,M. Conley,/players/c/conlemi01.html,MEM,DEN,M. Gasol,/players/g/gasolma01.html,K. Koufos,/players/k/koufoko01.html,1
201212290MIN,https://www.basketball-reference.com/boxscores/pbp/201212290MIN.html,Minnesota Timberwolves,Phoenix Suns,MIN,PHO,N. Peković,M. Gortat,A. Kirilenko,MIN,PHO,L. Ridnour,/players/r/ridnolu01.html,MIN,PHO,N. Peković,/players/p/pekovni01.html,M. Gortat,/players/g/gortama01.html,1
201212290MIL,https://www.basketball-reference.com/boxscores/pbp/201212290MIL.html,Milwaukee Bucks,Miami Heat,MIL,MIA,L. Sanders,C. Bosh,L. Mbah a Moute,MIA,MIL,M. Chalmers,/players/c/chalmma01.html,MIL,MIA,C. Bosh,/players/b/boshch01.html,L. Sanders,/players/s/sandela01.html,0
201212290POR,https://www.basketball-reference.com/boxscores/pbp/201212290POR.html,Portland Trail Blazers,Philadelphia 76ers,POR,PHI,J. Hickson,L. Allen,L. Aldridge,POR,PHI,L. Aldridge,/players/a/aldrila01.html,POR,PHI,J. Hickson,/players/h/hicksjj01.html,L. Allen,/players/a/allenla01.html,1
201212290GSW,https://www.basketball-reference.com/boxscores/pbp/201212290GSW.html,Golden State Warriors,Boston Celtics,GSW,BOS,F. Ezeli,K. Garnett,H. Barnes,GSW,BOS,S. Curry,/players/c/curryst01.html,GSW,BOS,F. Ezeli,/players/e/ezelife01.html,K. Garnett,/players/g/garneke01.html,1
201212300DAL,https://www.basketball-reference.com/boxscores/pbp/201212300DAL.html,Dallas Mavericks,San Antonio Spurs,DAL,SAS,C. Kaman,T. Duncan,T. Parker,SAS,DAL,D. Green,/players/g/greenda02.html,SAS,DAL,T. Duncan,/players/d/duncati01.html,C. Kaman,/players/k/kamanch01.html,1
201212300DET,https://www.basketball-reference.com/boxscores/pbp/201212300DET.html,Detroit Pistons,Milwaukee Bucks,DET,MIL,G. Monroe,L. Sanders,T. Prince,MIL,DET,L. Mbah a Moute,/players/m/mbahalu01.html,DET,MIL,L. Sanders,/players/s/sandela01.html,G. Monroe,/players/m/monrogr01.html,0
201212300SAC,https://www.basketball-reference.com/boxscores/pbp/201212300SAC.html,Sacramento Kings,Boston Celtics,SAC,BOS,J. Thompson,K. Garnett,K. Garnett,SAC,BOS,I. Thomas,/players/t/thomais02.html,BOS,SAC,J. Thompson,/players/t/thompja02.html,K. Garnett,/players/g/garneke01.html,0
201212300LAC,https://www.basketball-reference.com/boxscores/pbp/201212300LAC.html,Los Angeles Clippers,Utah Jazz,LAC,UTA,D. Jordan,A. Jefferson,R. Foye,LAC,UTA,C. Paul,/players/p/paulch01.html,UTA,LAC,D. Jordan,/players/j/jordade01.html,A. Jefferson,/players/j/jeffeal01.html,0
201212310CHI,https://www.basketball-reference.com/boxscores/pbp/201212310CHI.html,Chicago Bulls,Charlotte Bobcats,CHI,CHA,J. Noah,B. Biyombo,J. Taylor,CHI,CHA,N. Robinson,/players/r/robinna01.html,CHA,CHI,J. Noah,/players/n/noahjo01.html,B. Biyombo,/players/b/biyombi01.html,0
201212310IND,https://www.basketball-reference.com/boxscores/pbp/201212310IND.html,Indiana Pacers,Memphis Grizzlies,IND,MEM,R. Hibbert,M. Gasol,Z. Randolph,MEM,IND,Z. Randolph,/players/r/randoza01.html,MEM,IND,M. Gasol,/players/g/gasolma01.html,R. Hibbert,/players/h/hibbero01.html,1
201212310ORL,https://www.basketball-reference.com/boxscores/pbp/201212310ORL.html,Orlando Magic,Miami Heat,ORL,MIA,N. Vučević,C. Bosh,D. Jones,MIA,ORL,L. James,/players/j/jamesle01.html,ORL,MIA,C. Bosh,/players/b/boshch01.html,N. Vučević,/players/v/vucevni01.html,0
201212310HOU,https://www.basketball-reference.com/boxscores/pbp/201212310HOU.html,Houston Rockets,Atlanta Hawks,HOU,ATL,Ö. Aşık,J. Smith,L. Williams,ATL,HOU,J. Teague,/players/t/teaguje01.html,ATL,HOU,J. Smith,/players/s/smithjo03.html,Ö. Aşık,/players/a/asikom01.html,1
201212310SAS,https://www.basketball-reference.com/boxscores/pbp/201212310SAS.html,San Antonio Spurs,Brooklyn Nets,SAS,BRK,T. Duncan,B. Lopez,D. Williams,BRK,SAS,R. Evans,/players/e/evansre01.html,BRK,SAS,B. Lopez,/players/l/lopezbr01.html,T. Duncan,/players/d/duncati01.html,1
201212310OKC,https://www.basketball-reference.com/boxscores/pbp/201212310OKC.html,Oklahoma City Thunder,Phoenix Suns,OKC,PHO,,,,,,,,,,,,
201301010DET,https://www.basketball-reference.com/boxscores/pbp/201301010DET.html,Detroit Pistons,Sacramento Kings,DET,SAC,G. Monroe,J. Thompson,D. Cousins,SAC,DET,J. Salmons,/players/s/salmojo01.html,SAC,DET,J. Thompson,/players/t/thompja02.html,G. Monroe,/players/m/monrogr01.html,1
201301010NYK,https://www.basketball-reference.com/boxscores/pbp/201301010NYK.html,New York Knicks,Portland Trail Blazers,NYK,POR,T. Chandler,J. Hickson,J. Hickson,POR,NYK,L. Aldridge,/players/a/aldrila01.html,POR,NYK,J. Hickson,/players/h/hicksjj01.html,T. Chandler,/players/c/chandty01.html,1
201301010NOH,https://www.basketball-reference.com/boxscores/pbp/201301010NOH.html,New Orleans Hornets,Atlanta Hawks,NOH,ATL,R. Lopez,J. Smith,G. Vásquez,ATL,NOH,J. Teague,/players/t/teaguje01.html,NOH,ATL,J. Smith,/players/s/smithjo03.html,R. Lopez,/players/l/lopezro01.html,0
201301010DEN,https://www.basketball-reference.com/boxscores/pbp/201301010DEN.html,Denver Nuggets,Los Angeles Clippers,DEN,LAC,K. Koufos,D. Jordan,C. Butler,LAC,DEN,C. Paul,/players/p/paulch01.html,LAC,DEN,D. Jordan,/players/j/jordade01.html,K. Koufos,/players/k/koufoko01.html,1
201301010LAL,https://www.basketball-reference.com/boxscores/pbp/201301010LAL.html,Los Angeles Lakers,Philadelphia 76ers,LAL,PHI,D. Howard,L. Allen,L. Allen,LAL,PHI,S. Nash,/players/n/nashst01.html,PHI,LAL,D. Howard,/players/h/howardw01.html,L. Allen,/players/a/allenla01.html,0
201301020CLE,https://www.basketball-reference.com/boxscores/pbp/201301020CLE.html,Cleveland Cavaliers,Sacramento Kings,CLE,SAC,T. Zeller,J. Thompson,K. Irving,SAC,CLE,I. Thomas,/players/t/thomais02.html,CLE,SAC,J. Thompson,/players/t/thompja02.html,T. Zeller,/players/z/zellety01.html,0
201301020IND,https://www.basketball-reference.com/boxscores/pbp/201301020IND.html,Indiana Pacers,Washington Wizards,IND,WAS,R. Hibbert,E. Okafor,R. Hibbert,IND,WAS,L. Stephenson,/players/s/stephla01.html,IND,WAS,R. Hibbert,/players/h/hibbero01.html,E. Okafor,/players/o/okafoem01.html,1
201301020ORL,https://www.basketball-reference.com/boxscores/pbp/201301020ORL.html,Orlando Magic,Chicago Bulls,ORL,CHI,N. Vučević,T. Gibson,J. Nelson,ORL,CHI,A. Nicholson,/players/n/nichoan01.html,ORL,CHI,N. Vučević,/players/v/vucevni01.html,T. Gibson,/players/g/gibsota01.html,1
201301020TOR,https://www.basketball-reference.com/boxscores/pbp/201301020TOR.html,Toronto Raptors,Portland Trail Blazers,TOR,POR,E. Davis,J. Hickson,D. DeRozan,TOR,POR,A. Gray,/players/g/grayaa01.html,TOR,POR,E. Davis,/players/d/davised01.html,J. Hickson,/players/h/hicksjj01.html,1
201301020BOS,https://www.basketball-reference.com/boxscores/pbp/201301020BOS.html,Boston Celtics,Memphis Grizzlies,BOS,MEM,,,,,,,,,,,,
201301020MIA,https://www.basketball-reference.com/boxscores/pbp/201301020MIA.html,Miami Heat,Dallas Mavericks,MIA,DAL,C. Bosh,C. Kaman,O. Mayo,DAL,MIA,D. Collison,/players/c/collida01.html,DAL,MIA,C. Kaman,/players/k/kamanch01.html,C. Bosh,/players/b/boshch01.html,1
201301020HOU,https://www.basketball-reference.com/boxscores/pbp/201301020HOU.html,Houston Rockets,New Orleans Hornets,HOU,NOH,Ö. Aşık,A. Davis,R. Lopez,NOH,HOU,G. Vásquez,/players/v/vasqugr01.html,NOH,HOU,A. Davis,/players/d/davisan02.html,Ö. Aşık,/players/a/asikom01.html,1
201301020MIL,https://www.basketball-reference.com/boxscores/pbp/201301020MIL.html,Milwaukee Bucks,San Antonio Spurs,MIL,SAS,L. Sanders,T. Duncan,M. Ellis,MIL,SAS,B. Jennings,/players/j/jennibr01.html,MIL,SAS,L. Sanders,/players/s/sandela01.html,T. Duncan,/players/d/duncati01.html,1
201301020OKC,https://www.basketball-reference.com/boxscores/pbp/201301020OKC.html,Oklahoma City Thunder,Brooklyn Nets,OKC,BRK,S. Ibaka,B. Lopez,K. Perkins,OKC,BRK,K. Perkins,/players/p/perkike01.html,OKC,BRK,S. Ibaka,/players/i/ibakase01.html,B. Lopez,/players/l/lopezbr01.html,1
201301020PHO,https://www.basketball-reference.com/boxscores/pbp/201301020PHO.html,Phoenix Suns,Philadelphia 76ers,PHO,PHI,M. Gortat,L. Allen,L. Scola,PHO,PHI,G. Dragić,/players/d/dragigo01.html,PHO,PHI,M. Gortat,/players/g/gortama01.html,L. Allen,/players/a/allenla01.html,1
201301020UTA,https://www.basketball-reference.com/boxscores/pbp/201301020UTA.html,Utah Jazz,Minnesota Timberwolves,UTA,MIN,A. Jefferson,N. Peković,M. Williams,MIN,UTA,A. Kirilenko,/players/k/kirilan01.html,UTA,MIN,N. Peković,/players/p/pekovni01.html,A. Jefferson,/players/j/jeffeal01.html,0
201301020GSW,https://www.basketball-reference.com/boxscores/pbp/201301020GSW.html,Golden State Warriors,Los Angeles Clippers,GSW,LAC,F. Ezeli,D. Jordan,M. Barnes,LAC,GSW,B. Griffin,/players/g/griffbl01.html,LAC,GSW,D. Jordan,/players/j/jordade01.html,F. Ezeli,/players/e/ezelife01.html,1
201301030NYK,https://www.basketball-reference.com/boxscores/pbp/201301030NYK.html,New York Knicks,San Antonio Spurs,NYK,SAS,T. Chandler,T. Duncan,C. Anthony,NYK,SAS,J. Kidd,/players/k/kiddja01.html,NYK,SAS,T. Chandler,/players/c/chandty01.html,T. Duncan,/players/d/duncati01.html,1
201301030DEN,https://www.basketball-reference.com/boxscores/pbp/201301030DEN.html,Denver Nuggets,Minnesota Timberwolves,DEN,MIN,K. Koufos,N. Peković,A. Shved,MIN,DEN,K. Love,/players/l/loveke01.html,MIN,DEN,N. Peković,/players/p/pekovni01.html,K. Koufos,/players/k/koufoko01.html,1
201301040CHA,https://www.basketball-reference.com/boxscores/pbp/201301040CHA.html,Charlotte Bobcats,Cleveland Cavaliers,CHA,CLE,B. Biyombo,T. Zeller,K. Walker,CHA,CLE,H. Warrick,/players/w/warriha01.html,CHA,CLE,B. Biyombo,/players/b/biyombi01.html,T. Zeller,/players/z/zellety01.html,1
201301040TOR,https://www.basketball-reference.com/boxscores/pbp/201301040TOR.html,Toronto Raptors,Sacramento Kings,TOR,SAC,E. Davis,J. Thompson,J. Calderón,SAC,TOR,I. Thomas,/players/t/thomais02.html,TOR,SAC,J. Thompson,/players/t/thompja02.html,E. Davis,/players/d/davised01.html,0
201301040WAS,https://www.basketball-reference.com/boxscores/pbp/201301040WAS.html,Washington Wizards,Brooklyn Nets,WAS,BRK,E. Okafor,B. Lopez,N. Hilário,WAS,BRK,B. Beal,/players/b/bealbr01.html,WAS,BRK,E. Okafor,/players/o/okafoem01.html,B. Lopez,/players/l/lopezbr01.html,1
201301040DET,https://www.basketball-reference.com/boxscores/pbp/201301040DET.html,Detroit Pistons,Atlanta Hawks,DET,ATL,G. Monroe,A. Horford,A. Horford,ATL,DET,L. Williams,/players/w/willilo02.html,ATL,DET,A. Horford,/players/h/horfoal01.html,G. Monroe,/players/m/monrogr01.html,1
201301040BOS,https://www.basketball-reference.com/boxscores/pbp/201301040BOS.html,Boston Celtics,Indiana Pacers,BOS,IND,K. Garnett,R. Hibbert,R. Rondo,BOS,IND,P. Pierce,/players/p/piercpa01.html,BOS,IND,K. Garnett,/players/g/garneke01.html,R. Hibbert,/players/h/hibbero01.html,1
201301040MEM,https://www.basketball-reference.com/boxscores/pbp/201301040MEM.html,Memphis Grizzlies,Portland Trail Blazers,MEM,POR,M. Gasol,J. Hickson,M. Speights,MEM,POR,M. Conley,/players/c/conlemi01.html,MEM,POR,M. Gasol,/players/g/gasolma01.html,J. Hickson,/players/h/hicksjj01.html,1
201301040MIA,https://www.basketball-reference.com/boxscores/pbp/201301040MIA.html,Miami Heat,Chicago Bulls,MIA,CHI,C. Bosh,J. Noah,D. Wade,CHI,MIA,C. Boozer,/players/b/boozeca01.html,MIA,CHI,J. Noah,/players/n/noahjo01.html,C. Bosh,/players/b/boshch01.html,0
201301040OKC,https://www.basketball-reference.com/boxscores/pbp/201301040OKC.html,Oklahoma City Thunder,Philadelphia 76ers,OKC,PHI,S. Ibaka,L. Allen,S. Ibaka,OKC,PHI,T. Sefolosha,/players/s/sefolth01.html,OKC,PHI,S. Ibaka,/players/i/ibakase01.html,L. Allen,/players/a/allenla01.html,1
201301040MIL,https://www.basketball-reference.com/boxscores/pbp/201301040MIL.html,Milwaukee Bucks,Houston Rockets,MIL,HOU,L. Sanders,Ö. Aşık,E. Udoh,MIL,HOU,E. Udoh,/players/u/udohek01.html,MIL,HOU,L. Sanders,/players/s/sandela01.html,Ö. Aşık,/players/a/asikom01.html,1
201301040PHO,https://www.basketball-reference.com/boxscores/pbp/201301040PHO.html,Phoenix Suns,Utah Jazz,PHO,UTA,M. Gortat,A. Jefferson,J. Dudley,PHO,UTA,G. Dragić,/players/d/dragigo01.html,PHO,UTA,M. Gortat,/players/g/gortama01.html,A. Jefferson,/players/j/jeffeal01.html,1
201301040LAC,https://www.basketball-reference.com/boxscores/pbp/201301040LAC.html,Los Angeles Clippers,Los Angeles Lakers,LAC,LAL,,,,,,,,,,,,
201301050ATL,https://www.basketball-reference.com/boxscores/pbp/201301050ATL.html,Atlanta Hawks,Boston Celtics,ATL,BOS,J. Smith,K. Garnett,A. Bradley,ATL,BOS,J. Teague,/players/t/teaguje01.html,BOS,ATL,J. Smith,/players/s/smithjo03.html,K. Garnett,/players/g/garneke01.html,0
201301050IND,https://www.basketball-reference.com/boxscores/pbp/201301050IND.html,Indiana Pacers,Milwaukee Bucks,IND,MIL,R. Hibbert,L. Sanders,R. Hibbert,IND,MIL,D. West,/players/w/westda01.html,IND,MIL,R. Hibbert,/players/h/hibbero01.html,L. Sanders,/players/s/sandela01.html,1
201301050ORL,https://www.basketball-reference.com/boxscores/pbp/201301050ORL.html,Orlando Magic,New York Knicks,ORL,NYK,N. Vučević,T. Chandler,A. Afflalo,NYK,ORL,C. Anthony,/players/a/anthoca01.html,ORL,NYK,T. Chandler,/players/c/chandty01.html,N. Vučević,/players/v/vucevni01.html,0
201301050BRK,https://www.basketball-reference.com/boxscores/pbp/201301050BRK.html,Brooklyn Nets,Sacramento Kings,BRK,SAC,,,,,,,,,,,,
201301050CLE,https://www.basketball-reference.com/boxscores/pbp/201301050CLE.html,Cleveland Cavaliers,Houston Rockets,CLE,HOU,T. Zeller,Ö. Aşık,T. Thompson,CLE,HOU,A. Gee,/players/g/geeal01.html,CLE,HOU,T. Zeller,/players/z/zellety01.html,Ö. Aşık,/players/a/asikom01.html,1
201301050MIN,https://www.basketball-reference.com/boxscores/pbp/201301050MIN.html,Minnesota Timberwolves,Portland Trail Blazers,MIN,POR,N. Peković,J. Hickson,A. Kirilenko,MIN,POR,A. Shved,/players/s/shvedal01.html,MIN,POR,N. Peković,/players/p/pekovni01.html,J. Hickson,/players/h/hicksjj01.html,1
201301050DAL,https://www.basketball-reference.com/boxscores/pbp/201301050DAL.html,Dallas Mavericks,New Orleans Hornets,DAL,NOH,C. Kaman,R. Lopez,A. Davis,NOH,DAL,A. Davis,/players/d/davisan02.html,NOH,DAL,R. Lopez,/players/l/lopezro01.html,C. Kaman,/players/k/kamanch01.html,1
201301050SAS,https://www.basketball-reference.com/boxscores/pbp/201301050SAS.html,San Antonio Spurs,Philadelphia 76ers,SAS,PHI,T. Duncan,L. Allen,T. Young,PHI,SAS,T. Young,/players/y/youngth01.html,PHI,SAS,L. Allen,/players/a/allenla01.html,T. Duncan,/players/d/duncati01.html,1
201301050DEN,https://www.basketball-reference.com/boxscores/pbp/201301050DEN.html,Denver Nuggets,Utah Jazz,DEN,UTA,K. Koufos,A. Jefferson,J. Tinsley,DEN,UTA,A. Iguodala,/players/i/iguodan01.html,UTA,DEN,K. Koufos,/players/k/koufoko01.html,A. Jefferson,/players/j/jeffeal01.html,0
201301050LAC,https://www.basketball-reference.com/boxscores/pbp/201301050LAC.html,Los Angeles Clippers,Golden State Warriors,LAC,GSW,D. Jordan,F. Ezeli,C. Paul,LAC,GSW,C. Paul,/players/p/paulch01.html,LAC,GSW,D. Jordan,/players/j/jordade01.html,F. Ezeli,/players/e/ezelife01.html,1
201301060TOR,https://www.basketball-reference.com/boxscores/pbp/201301060TOR.html,Toronto Raptors,Oklahoma City Thunder,TOR,OKC,A. Johnson,S. Ibaka,S. Ibaka,OKC,TOR,K. Perkins,/players/p/perkike01.html,OKC,TOR,S. Ibaka,/players/i/ibakase01.html,A. Johnson,/players/j/johnsam01.html,1
201301060MIA,https://www.basketball-reference.com/boxscores/pbp/201301060MIA.html,Miami Heat,Washington Wizards,MIA,WAS,C. Bosh,E. Okafor,U. Haslem,WAS,MIA,M. Webster,/players/w/webstma02.html,MIA,WAS,E. Okafor,/players/o/okafoem01.html,C. Bosh,/players/b/boshch01.html,0
201301060DET,https://www.basketball-reference.com/boxscores/pbp/201301060DET.html,Detroit Pistons,Charlotte Bobcats,DET,CHA,G. Monroe,B. Biyombo,J. Maxiell,CHA,DET,T. Thomas,/players/t/thomaty01.html,DET,CHA,B. Biyombo,/players/b/biyombi01.html,G. Monroe,/players/m/monrogr01.html,0
201301060PHO,https://www.basketball-reference.com/boxscores/pbp/201301060PHO.html,Phoenix Suns,Memphis Grizzlies,PHO,MEM,M. Gortat,M. Gasol,M. Gasol,MEM,PHO,M. Conley,/players/c/conlemi01.html,MEM,PHO,M. Gasol,/players/g/gasolma01.html,M. Gortat,/players/g/gortama01.html,1
201301060LAL,https://www.basketball-reference.com/boxscores/pbp/201301060LAL.html,Los Angeles Lakers,Denver Nuggets,LAL,DEN,D. Howard,K. Koufos,D. Howard,DEN,LAL,T. Lawson,/players/l/lawsoty01.html,LAL,DEN,K. Koufos,/players/k/koufoko01.html,D. Howard,/players/h/howardw01.html,0
201301070WAS,https://www.basketball-reference.com/boxscores/pbp/201301070WAS.html,Washington Wizards,Oklahoma City Thunder,WAS,OKC,E. Okafor,S. Ibaka,K. Durant,WAS,OKC,B. Beal,/players/b/bealbr01.html,OKC,WAS,E. Okafor,/players/o/okafoem01.html,S. Ibaka,/players/i/ibakase01.html,0
201301070NYK,https://www.basketball-reference.com/boxscores/pbp/201301070NYK.html,New York Knicks,Boston Celtics,NYK,BOS,T. Chandler,K. Garnett,K. Garnett,BOS,NYK,J. Terry,/players/t/terryja01.html,BOS,NYK,K. Garnett,/players/g/garneke01.html,T. Chandler,/players/c/chandty01.html,1
201301070CHI,https://www.basketball-reference.com/boxscores/pbp/201301070CHI.html,Chicago Bulls,Cleveland Cavaliers,CHI,CLE,J. Noah,T. Zeller,C. Miles,CHI,CLE,K. Hinrich,/players/h/hinriki01.html,CLE,CHI,J. Noah,/players/n/noahjo01.html,T. Zeller,/players/z/zellety01.html,0
201301070NOH,https://www.basketball-reference.com/boxscores/pbp/201301070NOH.html,New Orleans Hornets,San Antonio Spurs,NOH,SAS,R. Lopez,T. Duncan,T. Duncan,SAS,NOH,T. Splitter,/players/s/splitti01.html,SAS,NOH,T. Duncan,/players/d/duncati01.html,R. Lopez,/players/l/lopezro01.html,1
201301070UTA,https://www.basketball-reference.com/boxscores/pbp/201301070UTA.html,Utah Jazz,Dallas Mavericks,UTA,DAL,A. Jefferson,C. Kaman,P. Millsap,DAL,UTA,D. Collison,/players/c/collida01.html,UTA,DAL,C. Kaman,/players/k/kamanch01.html,A. Jefferson,/players/j/jeffeal01.html,0
201301070POR,https://www.basketball-reference.com/boxscores/pbp/201301070POR.html,Portland Trail Blazers,Orlando Magic,POR,ORL,J. Hickson,N. Vučević,A. Nicholson,POR,ORL,N. Batum,/players/b/batumni01.html,ORL,POR,J. Hickson,/players/h/hicksjj01.html,N. Vučević,/players/v/vucevni01.html,0
201301070SAC,https://www.basketball-reference.com/boxscores/pbp/201301070SAC.html,Sacramento Kings,Memphis Grizzlies,SAC,MEM,J. Thompson,M. Gasol,M. Conley,MEM,SAC,M. Conley,/players/c/conlemi01.html,MEM,SAC,M. Gasol,/players/g/gasolma01.html,J. Thompson,/players/t/thompja02.html,1
201301080IND,https://www.basketball-reference.com/boxscores/pbp/201301080IND.html,Indiana Pacers,Miami Heat,IND,MIA,R. Hibbert,C. Bosh,D. West,MIA,IND,M. Chalmers,/players/c/chalmma01.html,IND,MIA,C. Bosh,/players/b/boshch01.html,R. Hibbert,/players/h/hibbero01.html,0
201301080PHI,https://www.basketball-reference.com/boxscores/pbp/201301080PHI.html,Philadelphia 76ers,Brooklyn Nets,PHI,BRK,L. Allen,B. Lopez,G. Wallace,BRK,PHI,D. Williams,/players/w/willide01.html,BRK,PHI,B. Lopez,/players/l/lopezbr01.html,L. Allen,/players/a/allenla01.html,1
201301080HOU,https://www.basketball-reference.com/boxscores/pbp/201301080HOU.html,Houston Rockets,Los Angeles Lakers,HOU,LAL,Ö. Aşık,R. Sacre,M. World Peace,HOU,LAL,C. Parsons,/players/p/parsoch01.html,LAL,HOU,Ö. Aşık,/players/a/asikom01.html,R. Sacre,/players/s/sacrero01.html,0
201301080MIL,https://www.basketball-reference.com/boxscores/pbp/201301080MIL.html,Milwaukee Bucks,Phoenix Suns,MIL,PHO,L. Sanders,M. Gortat,J. Dudley,PHO,MIL,G. Dragić,/players/d/dragigo01.html,PHO,MIL,M. Gortat,/players/g/gortama01.html,L. Sanders,/players/s/sandela01.html,1
201301080MIN,https://www.basketball-reference.com/boxscores/pbp/201301080MIN.html,Minnesota Timberwolves,Atlanta Hawks,MIN,ATL,N. Peković,J. Smith,N. Peković,MIN,ATL,A. Kirilenko,/players/k/kirilan01.html,MIN,ATL,N. Peković,/players/p/pekovni01.html,J. Smith,/players/s/smithjo03.html,1
201301090CHA,https://www.basketball-reference.com/boxscores/pbp/201301090CHA.html,Charlotte Bobcats,Utah Jazz,CHA,UTA,B. Biyombo,A. Jefferson,P. Millsap,CHA,UTA,K. Walker,/players/w/walkeke02.html,UTA,CHA,B. Biyombo,/players/b/biyombi01.html,A. Jefferson,/players/j/jeffeal01.html,0
201301090CLE,https://www.basketball-reference.com/boxscores/pbp/201301090CLE.html,Cleveland Cavaliers,Atlanta Hawks,CLE,ATL,T. Zeller,J. Smith,K. Irving,CLE,ATL,K. Irving,/players/i/irvinky01.html,CLE,ATL,T. Zeller,/players/z/zellety01.html,J. Smith,/players/s/smithjo03.html,1
201301090TOR,https://www.basketball-reference.com/boxscores/pbp/201301090TOR.html,Toronto Raptors,Philadelphia 76ers,TOR,PHI,A. Johnson,L. Allen,D. DeRozan,TOR,PHI,E. Davis,/players/d/davised01.html,TOR,PHI,A. Johnson,/players/j/johnsam01.html,L. Allen,/players/a/allenla01.html,1
201301090BOS,https://www.basketball-reference.com/boxscores/pbp/201301090BOS.html,Boston Celtics,Phoenix Suns,BOS,PHO,K. Garnett,M. Gortat,L. Scola,PHO,BOS,G. Dragić,/players/d/dragigo01.html,PHO,BOS,M. Gortat,/players/g/gortama01.html,K. Garnett,/players/g/garneke01.html,1
201301090CHI,https://www.basketball-reference.com/boxscores/pbp/201301090CHI.html,Chicago Bulls,Milwaukee Bucks,CHI,MIL,J. Noah,L. Sanders,C. Boozer,CHI,MIL,C. Boozer,/players/b/boozeca01.html,CHI,MIL,J. Noah,/players/n/noahjo01.html,L. Sanders,/players/s/sandela01.html,1
201301090NOH,https://www.basketball-reference.com/boxscores/pbp/201301090NOH.html,New Orleans Hornets,Houston Rockets,NOH,HOU,R. Lopez,Ö. Aşık,R. Lopez,HOU,NOH,J. Lin,/players/l/linje01.html,NOH,HOU,Ö. Aşık,/players/a/asikom01.html,R. Lopez,/players/l/lopezro01.html,0
201301090OKC,https://www.basketball-reference.com/boxscores/pbp/201301090OKC.html,Oklahoma City Thunder,Minnesota Timberwolves,OKC,MIN,S. Ibaka,N. Peković,N. Peković,MIN,OKC,D. Cunningham,/players/c/cunnida01.html,MIN,OKC,N. Peković,/players/p/pekovni01.html,S. Ibaka,/players/i/ibakase01.html,1
201301090SAS,https://www.basketball-reference.com/boxscores/pbp/201301090SAS.html,San Antonio Spurs,Los Angeles Lakers,SAS,LAL,T. Duncan,R. Sacre,M. World Peace,SAS,LAL,T. Parker,/players/p/parketo01.html,LAL,SAS,T. Duncan,/players/d/duncati01.html,R. Sacre,/players/s/sacrero01.html,0
201301090DEN,https://www.basketball-reference.com/boxscores/pbp/201301090DEN.html,Denver Nuggets,Orlando Magic,DEN,ORL,K. Koufos,N. Vučević,A. Afflalo,DEN,ORL,D. Gallinari,/players/g/gallida01.html,ORL,DEN,K. Koufos,/players/k/koufoko01.html,N. Vučević,/players/v/vucevni01.html,0
201301090GSW,https://www.basketball-reference.com/boxscores/pbp/201301090GSW.html,Golden State Warriors,Memphis Grizzlies,GSW,MEM,F. Ezeli,M. Gasol,K. Thompson,MEM,GSW,M. Conley,/players/c/conlemi01.html,GSW,MEM,M. Gasol,/players/g/gasolma01.html,F. Ezeli,/players/e/ezelife01.html,0
201301090LAC,https://www.basketball-reference.com/boxscores/pbp/201301090LAC.html,Los Angeles Clippers,Dallas Mavericks,LAC,DAL,D. Jordan,C. Kaman,D. Jordan,LAC,DAL,B. Griffin,/players/g/griffbl01.html,LAC,DAL,D. Jordan,/players/j/jordade01.html,C. Kaman,/players/k/kamanch01.html,1
201301100IND,https://www.basketball-reference.com/boxscores/pbp/201301100IND.html,Indiana Pacers,New York Knicks,IND,NYK,R. Hibbert,T. Chandler,M. Camby,NYK,IND,R. Brewer,/players/b/brewero02.html,NYK,IND,T. Chandler,/players/c/chandty01.html,R. Hibbert,/players/h/hibbero01.html,1
201301100SAC,https://www.basketball-reference.com/boxscores/pbp/201301100SAC.html,Sacramento Kings,Dallas Mavericks,SAC,DAL,,,,,,,,,,,,
201301100POR,https://www.basketball-reference.com/boxscores/pbp/201301100POR.html,Portland Trail Blazers,Miami Heat,POR,MIA,J. Hickson,C. Bosh,N. Batum,MIA,POR,M. Chalmers,/players/c/chalmma01.html,POR,MIA,C. Bosh,/players/b/boshch01.html,J. Hickson,/players/h/hicksjj01.html,0
201301110TOR,https://www.basketball-reference.com/boxscores/pbp/201301110TOR.html,Toronto Raptors,Charlotte Bobcats,TOR,CHA,A. Johnson,B. Biyombo,E. Davis,TOR,CHA,E. Davis,/players/d/davised01.html,TOR,CHA,A. Johnson,/players/j/johnsam01.html,B. Biyombo,/players/b/biyombi01.html,1
201301110ATL,https://www.basketball-reference.com/boxscores/pbp/201301110ATL.html,Atlanta Hawks,Utah Jazz,ATL,UTA,J. Smith,A. Jefferson,A. Jefferson,ATL,UTA,A. Horford,/players/h/horfoal01.html,UTA,ATL,J. Smith,/players/s/smithjo03.html,A. Jefferson,/players/j/jeffeal01.html,0
201301110BOS,https://www.basketball-reference.com/boxscores/pbp/201301110BOS.html,Boston Celtics,Houston Rockets,BOS,HOU,K. Garnett,Ö. Aşık,P. Pierce,BOS,HOU,B. Bass,/players/b/bassbr01.html,BOS,HOU,K. Garnett,/players/g/garneke01.html,Ö. Aşık,/players/a/asikom01.html,1
201301110BRK,https://www.basketball-reference.com/boxscores/pbp/201301110BRK.html,Brooklyn Nets,Phoenix Suns,BRK,PHO,B. Lopez,M. Gortat,J. Johnson,BRK,PHO,D. Williams,/players/w/willide01.html,BRK,PHO,B. Lopez,/players/l/lopezbr01.html,M. Gortat,/players/g/gortama01.html,1
201301110MEM,https://www.basketball-reference.com/boxscores/pbp/201301110MEM.html,Memphis Grizzlies,San Antonio Spurs,MEM,SAS,M. Gasol,T. Duncan,T. Allen,MEM,SAS,M. Conley,/players/c/conlemi01.html,MEM,SAS,M. Gasol,/players/g/gasolma01.html,T. Duncan,/players/d/duncati01.html,1
201301110NOH,https://www.basketball-reference.com/boxscores/pbp/201301110NOH.html,New Orleans Hornets,Minnesota Timberwolves,NOH,MIN,R. Lopez,N. Peković,N. Peković,MIN,NOH,A. Kirilenko,/players/k/kirilan01.html,MIN,NOH,N. Peković,/players/p/pekovni01.html,R. Lopez,/players/l/lopezro01.html,1
201301110NYK,https://www.basketball-reference.com/boxscores/pbp/201301110NYK.html,New York Knicks,Chicago Bulls,NYK,CHI,,,,,,,,,,,,
201301110MIL,https://www.basketball-reference.com/boxscores/pbp/201301110MIL.html,Milwaukee Bucks,Detroit Pistons,MIL,DET,L. Sanders,G. Monroe,B. Knight,MIL,DET,B. Jennings,/players/j/jennibr01.html,DET,MIL,L. Sanders,/players/s/sandela01.html,G. Monroe,/players/m/monrogr01.html,0
201301110DEN,https://www.basketball-reference.com/boxscores/pbp/201301110DEN.html,Denver Nuggets,Cleveland Cavaliers,DEN,CLE,K. Koufos,T. Zeller,C. Miles,DEN,CLE,D. Gallinari,/players/g/gallida01.html,CLE,DEN,K. Koufos,/players/k/koufoko01.html,T. Zeller,/players/z/zellety01.html,0
201301110GSW,https://www.basketball-reference.com/boxscores/pbp/201301110GSW.html,Golden State Warriors,Portland Trail Blazers,GSW,POR,F. Ezeli,J. Hickson,D. Lee,GSW,POR,S. Curry,/players/c/curryst01.html,GSW,POR,F. Ezeli,/players/e/ezelife01.html,J. Hickson,/players/h/hicksjj01.html,1
201301110LAL,https://www.basketball-reference.com/boxscores/pbp/201301110LAL.html,Los Angeles Lakers,Oklahoma City Thunder,LAL,OKC,,,,,,,,,,,,
201301120LAC,https://www.basketball-reference.com/boxscores/pbp/201301120LAC.html,Los Angeles Clippers,Orlando Magic,LAC,ORL,D. Jordan,N. Vučević,B. Griffin,LAC,ORL,C. Paul,/players/p/paulch01.html,LAC,ORL,D. Jordan,/players/j/jordade01.html,N. Vučević,/players/v/vucevni01.html,1
201301120IND,https://www.basketball-reference.com/boxscores/pbp/201301120IND.html,Indiana Pacers,Charlotte Bobcats,IND,CHA,R. Hibbert,B. Biyombo,G. Henderson,CHA,IND,H. Warrick,/players/w/warriha01.html,CHA,IND,B. Biyombo,/players/b/biyombi01.html,R. Hibbert,/players/h/hibbero01.html,1
201301120WAS,https://www.basketball-reference.com/boxscores/pbp/201301120WAS.html,Washington Wizards,Atlanta Hawks,WAS,ATL,E. Okafor,J. Smith,K. Korver,ATL,WAS,J. Teague,/players/t/teaguje01.html,ATL,WAS,J. Smith,/players/s/smithjo03.html,E. Okafor,/players/o/okafoem01.html,1
201301120DET,https://www.basketball-reference.com/boxscores/pbp/201301120DET.html,Detroit Pistons,Utah Jazz,DET,UTA,G. Monroe,A. Jefferson,G. Monroe,UTA,DET,P. Millsap,/players/m/millspa01.html,DET,UTA,A. Jefferson,/players/j/jeffeal01.html,G. Monroe,/players/m/monrogr01.html,0
201301120PHI,https://www.basketball-reference.com/boxscores/pbp/201301120PHI.html,Philadelphia 76ers,Houston Rockets,PHI,HOU,L. Allen,Ö. Aşık,J. Holiday,PHI,HOU,T. Young,/players/y/youngth01.html,PHI,HOU,L. Allen,/players/a/allenla01.html,Ö. Aşık,/players/a/asikom01.html,1
201301120CHI,https://www.basketball-reference.com/boxscores/pbp/201301120CHI.html,Chicago Bulls,Phoenix Suns,CHI,PHO,J. Noah,M. Gortat,J. Noah,CHI,PHO,L. Deng,/players/d/denglu01.html,CHI,PHO,J. Noah,/players/n/noahjo01.html,M. Gortat,/players/g/gortama01.html,1
201301120DAL,https://www.basketball-reference.com/boxscores/pbp/201301120DAL.html,Dallas Mavericks,Memphis Grizzlies,DAL,MEM,C. Kaman,M. Gasol,O. Mayo,MEM,DAL,Z. Randolph,/players/r/randoza01.html,DAL,MEM,M. Gasol,/players/g/gasolma01.html,C. Kaman,/players/k/kamanch01.html,0
201301120SAC,https://www.basketball-reference.com/boxscores/pbp/201301120SAC.html,Sacramento Kings,Miami Heat,SAC,MIA,J. Thompson,C. Bosh,M. Chalmers,SAC,MIA,F. García,/players/g/garcifr01.html,MIA,SAC,J. Thompson,/players/t/thompja02.html,C. Bosh,/players/b/boshch01.html,0
201301130NYK,https://www.basketball-reference.com/boxscores/pbp/201301130NYK.html,New York Knicks,New Orleans Hornets,NYK,NOH,T. Chandler,R. Lopez,R. Lopez,NYK,NOH,C. Copeland,/players/c/copelch01.html,NOH,NYK,T. Chandler,/players/c/chandty01.html,R. Lopez,/players/l/lopezro01.html,0
201301130TOR,https://www.basketball-reference.com/boxscores/pbp/201301130TOR.html,Toronto Raptors,Milwaukee Bucks,TOR,MIL,A. Johnson,L. Sanders,J. Calderón,TOR,MIL,J. Calderón,/players/c/caldejo01.html,TOR,MIL,A. Johnson,/players/j/johnsam01.html,L. Sanders,/players/s/sandela01.html,1
201301130BRK,https://www.basketball-reference.com/boxscores/pbp/201301130BRK.html,Brooklyn Nets,Indiana Pacers,BRK,IND,B. Lopez,R. Hibbert,J. Johnson,BRK,IND,D. Williams,/players/w/willide01.html,BRK,IND,B. Lopez,/players/l/lopezbr01.html,R. Hibbert,/players/h/hibbero01.html,1
201301130SAS,https://www.basketball-reference.com/boxscores/pbp/201301130SAS.html,San Antonio Spurs,Minnesota Timberwolves,SAS,MIN,T. Duncan,N. Peković,D. Cunningham,MIN,SAS,A. Kirilenko,/players/k/kirilan01.html,MIN,SAS,N. Peković,/players/p/pekovni01.html,T. Duncan,/players/d/duncati01.html,1
201301130DEN,https://www.basketball-reference.com/boxscores/pbp/201301130DEN.html,Denver Nuggets,Golden State Warriors,DEN,GSW,K. Koufos,F. Ezeli,T. Lawson,DEN,GSW,D. Gallinari,/players/g/gallida01.html,DEN,GSW,K. Koufos,/players/k/koufoko01.html,F. Ezeli,/players/e/ezelife01.html,1
201301130POR,https://www.basketball-reference.com/boxscores/pbp/201301130POR.html,Portland Trail Blazers,Oklahoma City Thunder,POR,OKC,J. Hickson,K. Durant,K. Durant,POR,OKC,L. Aldridge,/players/a/aldrila01.html,OKC,POR,J. Hickson,/players/h/hicksjj01.html,K. Durant,/players/d/duranke01.html,0
201301130LAL,https://www.basketball-reference.com/boxscores/pbp/201301130LAL.html,Los Angeles Lakers,Cleveland Cavaliers,LAL,CLE,D. Howard,T. Zeller,E. Clark,LAL,CLE,S. Nash,/players/n/nashst01.html,LAL,CLE,D. Howard,/players/h/howardw01.html,T. Zeller,/players/z/zellety01.html,1
201301140WAS,https://www.basketball-reference.com/boxscores/pbp/201301140WAS.html,Washington Wizards,Orlando Magic,WAS,ORL,E. Okafor,N. Vučević,A. Price,WAS,ORL,B. Beal,/players/b/bealbr01.html,WAS,ORL,E. Okafor,/players/o/okafoem01.html,N. Vučević,/players/v/vucevni01.html,1
201301140BOS,https://www.basketball-reference.com/boxscores/pbp/201301140BOS.html,Boston Celtics,Charlotte Bobcats,BOS,CHA,,,,,,,,,,,,
201301140CHI,https://www.basketball-reference.com/boxscores/pbp/201301140CHI.html,Chicago Bulls,Atlanta Hawks,CHI,ATL,J. Noah,J. Smith,C. Boozer,CHI,ATL,L. Deng,/players/d/denglu01.html,CHI,ATL,J. Noah,/players/n/noahjo01.html,J. Smith,/players/s/smithjo03.html,1
201301140MEM,https://www.basketball-reference.com/boxscores/pbp/201301140MEM.html,Memphis Grizzlies,Los Angeles Clippers,MEM,LAC,M. Gasol,D. Jordan,B. Griffin,MEM,LAC,M. Conley,/players/c/conlemi01.html,LAC,MEM,M. Gasol,/players/g/gasolma01.html,D. Jordan,/players/j/jordade01.html,0
201301140DAL,https://www.basketball-reference.com/boxscores/pbp/201301140DAL.html,Dallas Mavericks,Minnesota Timberwolves,DAL,MIN,C. Kaman,N. Peković,D. Collison,DAL,MIN,D. Collison,/players/c/collida01.html,DAL,MIN,C. Kaman,/players/k/kamanch01.html,N. Peković,/players/p/pekovni01.html,1
201301140PHO,https://www.basketball-reference.com/boxscores/pbp/201301140PHO.html,Phoenix Suns,Oklahoma City Thunder,PHO,OKC,M. Gortat,K. Perkins,R. Westbrook,OKC,PHO,R. Westbrook,/players/w/westbru01.html,OKC,PHO,K. Perkins,/players/p/perkike01.html,M. Gortat,/players/g/gortama01.html,1
201301140UTA,https://www.basketball-reference.com/boxscores/pbp/201301140UTA.html,Utah Jazz,Miami Heat,UTA,MIA,A. Jefferson,C. Bosh,C. Bosh,MIA,UTA,M. Chalmers,/players/c/chalmma01.html,MIA,UTA,C. Bosh,/players/b/boshch01.html,A. Jefferson,/players/j/jeffeal01.html,1
201301140SAC,https://www.basketball-reference.com/boxscores/pbp/201301140SAC.html,Sacramento Kings,Cleveland Cavaliers,SAC,CLE,J. Thompson,T. Zeller,T. Evans,SAC,CLE,I. Thomas,/players/t/thomais02.html,SAC,CLE,J. Thompson,/players/t/thompja02.html,T. Zeller,/players/z/zellety01.html,1
201301150CHA,https://www.basketball-reference.com/boxscores/pbp/201301150CHA.html,Charlotte Bobcats,Indiana Pacers,CHA,IND,B. Biyombo,R. Hibbert,B. Biyombo,CHA,IND,H. Warrick,/players/w/warriha01.html,CHA,IND,B. Biyombo,/players/b/biyombi01.html,R. Hibbert,/players/h/hibbero01.html,1
201301150PHI,https://www.basketball-reference.com/boxscores/pbp/201301150PHI.html,Philadelphia 76ers,New Orleans Hornets,PHI,NOH,L. Allen,R. Lopez,R. Lopez,NOH,PHI,A. Davis,/players/d/davisan02.html,NOH,PHI,R. Lopez,/players/l/lopezro01.html,L. Allen,/players/a/allenla01.html,1
201301150BRK,https://www.basketball-reference.com/boxscores/pbp/201301150BRK.html,Brooklyn Nets,Toronto Raptors,BRK,TOR,B. Lopez,A. Gray,B. Lopez,BRK,TOR,D. Williams,/players/w/willide01.html,BRK,TOR,B. Lopez,/players/l/lopezbr01.html,A. Gray,/players/g/grayaa01.html,1
201301150HOU,https://www.basketball-reference.com/boxscores/pbp/201301150HOU.html,Houston Rockets,Los Angeles Clippers,HOU,LAC,Ö. Aşık,D. Jordan,B. Griffin,LAC,HOU,B. Griffin,/players/g/griffbl01.html,LAC,HOU,D. Jordan,/players/j/jordade01.html,Ö. Aşık,/players/a/asikom01.html,1
201301150DEN,https://www.basketball-reference.com/boxscores/pbp/201301150DEN.html,Denver Nuggets,Portland Trail Blazers,DEN,POR,K. Koufos,J. Hickson,T. Lawson,DEN,POR,T. Lawson,/players/l/lawsoty01.html,DEN,POR,K. Koufos,/players/k/koufoko01.html,J. Hickson,/players/h/hicksjj01.html,1
201301150LAL,https://www.basketball-reference.com/boxscores/pbp/201301150LAL.html,Los Angeles Lakers,Milwaukee Bucks,LAL,MIL,D. Howard,L. Sanders,D. Howard,LAL,MIL,S. Nash,/players/n/nashst01.html,LAL,MIL,D. Howard,/players/h/howardw01.html,L. Sanders,/players/s/sandela01.html,1
201301160ORL,https://www.basketball-reference.com/boxscores/pbp/201301160ORL.html,Orlando Magic,Indiana Pacers,ORL,IND,N. Vučević,R. Hibbert,R. Hibbert,IND,ORL,L. Stephenson,/players/s/stephla01.html,IND,ORL,R. Hibbert,/players/h/hibbero01.html,N. Vučević,/players/v/vucevni01.html,1
201301160TOR,https://www.basketball-reference.com/boxscores/pbp/201301160TOR.html,Toronto Raptors,Chicago Bulls,TOR,CHI,A. Gray,J. Noah,J. Noah,CHI,TOR,C. Boozer,/players/b/boozeca01.html,CHI,TOR,J. Noah,/players/n/noahjo01.html,A. Gray,/players/g/grayaa01.html,1
201301160ATL,https://www.basketball-reference.com/boxscores/pbp/201301160ATL.html,Atlanta Hawks,Brooklyn Nets,ATL,BRK,Z. Pachulia,B. Lopez,D. Harris,BRK,ATL,D. Williams,/players/w/willide01.html,ATL,BRK,B. Lopez,/players/l/lopezbr01.html,Z. Pachulia,/players/p/pachuza01.html,0
201301160BOS,https://www.basketball-reference.com/boxscores/pbp/201301160BOS.html,Boston Celtics,New Orleans Hornets,BOS,NOH,K. Garnett,R. Lopez,K. Garnett,BOS,NOH,B. Bass,/players/b/bassbr01.html,BOS,NOH,K. Garnett,/players/g/garneke01.html,R. Lopez,/players/l/lopezro01.html,1
201301160DAL,https://www.basketball-reference.com/boxscores/pbp/201301160DAL.html,Dallas Mavericks,Houston Rockets,DAL,HOU,C. Kaman,Ö. Aşık,D. Nowitzki,DAL,HOU,D. Collison,/players/c/collida01.html,DAL,HOU,C. Kaman,/players/k/kamanch01.html,Ö. Aşık,/players/a/asikom01.html,1
201301160OKC,https://www.basketball-reference.com/boxscores/pbp/201301160OKC.html,Oklahoma City Thunder,Denver Nuggets,OKC,DEN,S. Ibaka,K. Koufos,R. Westbrook,DEN,OKC,D. Gallinari,/players/g/gallida01.html,OKC,DEN,K. Koufos,/players/k/koufoko01.html,S. Ibaka,/players/i/ibakase01.html,0
201301160SAS,https://www.basketball-reference.com/boxscores/pbp/201301160SAS.html,San Antonio Spurs,Memphis Grizzlies,SAS,MEM,T. Duncan,M. Gasol,T. Allen,MEM,SAS,T. Allen,/players/a/allento01.html,MEM,SAS,M. Gasol,/players/g/gasolma01.html,T. Duncan,/players/d/duncati01.html,1
201301160POR,https://www.basketball-reference.com/boxscores/pbp/201301160POR.html,Portland Trail Blazers,Cleveland Cavaliers,POR,CLE,J. Hickson,T. Zeller,T. Zeller,POR,CLE,D. Lillard,/players/l/lillada01.html,CLE,POR,J. Hickson,/players/h/hicksjj01.html,T. Zeller,/players/z/zellety01.html,0
201301160SAC,https://www.basketball-reference.com/boxscores/pbp/201301160SAC.html,Sacramento Kings,Washington Wizards,SAC,WAS,J. Thompson,E. Okafor,N. Hilário,WAS,SAC,N. Hilário,/players/h/hilarne01.html,WAS,SAC,E. Okafor,/players/o/okafoem01.html,J. Thompson,/players/t/thompja02.html,1
201301160GSW,https://www.basketball-reference.com/boxscores/pbp/201301160GSW.html,Golden State Warriors,Miami Heat,GSW,MIA,F. Ezeli,C. Bosh,H. Barnes,GSW,MIA,H. Barnes,/players/b/barneha02.html,GSW,MIA,F. Ezeli,/players/e/ezelife01.html,C. Bosh,/players/b/boshch01.html,1
201301170DET,https://www.basketball-reference.com/boxscores/pbp/201301170DET.html,Detroit Pistons,New York Knicks,DET,NYK,G. Monroe,T. Chandler,T. Prince,NYK,DET,I. Shumpert,/players/s/shumpim01.html,DET,NYK,T. Chandler,/players/c/chandty01.html,G. Monroe,/players/m/monrogr01.html,0
201301170MIN,https://www.basketball-reference.com/boxscores/pbp/201301170MIN.html,Minnesota Timberwolves,Los Angeles Clippers,MIN,LAC,N. Peković,D. Jordan,W. Green,LAC,MIN,E. Bledsoe,/players/b/bledser01.html,LAC,MIN,D. Jordan,/players/j/jordade01.html,N. Peković,/players/p/pekovni01.html,1
201301170PHO,https://www.basketball-reference.com/boxscores/pbp/201301170PHO.html,Phoenix Suns,Milwaukee Bucks,PHO,MIL,M. Gortat,L. Sanders,L. Sanders,MIL,PHO,B. Jennings,/players/j/jennibr01.html,MIL,PHO,L. Sanders,/players/s/sandela01.html,M. Gortat,/players/g/gortama01.html,1
201301170LAL,https://www.basketball-reference.com/boxscores/pbp/201301170LAL.html,Los Angeles Lakers,Miami Heat,LAL,MIA,D. Howard,C. Bosh,M. World Peace,MIA,LAL,L. James,/players/j/jamesle01.html,LAL,MIA,C. Bosh,/players/b/boshch01.html,D. Howard,/players/h/howardw01.html,0
201301180BOS,https://www.basketball-reference.com/boxscores/pbp/201301180BOS.html,Boston Celtics,Chicago Bulls,BOS,CHI,K. Garnett,J. Noah,C. Boozer,CHI,BOS,C. Boozer,/players/b/boozeca01.html,CHI,BOS,J. Noah,/players/n/noahjo01.html,K. Garnett,/players/g/garneke01.html,1
201301180IND,https://www.basketball-reference.com/boxscores/pbp/201301180IND.html,Indiana Pacers,Houston Rockets,IND,HOU,R. Hibbert,Ö. Aşık,R. Hibbert,HOU,IND,J. Lin,/players/l/linje01.html,IND,HOU,Ö. Aşık,/players/a/asikom01.html,R. Hibbert,/players/h/hibbero01.html,0
201301180ORL,https://www.basketball-reference.com/boxscores/pbp/201301180ORL.html,Orlando Magic,Charlotte Bobcats,ORL,CHA,N. Vučević,B. Biyombo,G. Henderson,CHA,ORL,H. Warrick,/players/w/warriha01.html,CHA,ORL,B. Biyombo,/players/b/biyombi01.html,N. Vučević,/players/v/vucevni01.html,1
201301180PHI,https://www.basketball-reference.com/boxscores/pbp/201301180PHI.html,Philadelphia 76ers,Toronto Raptors,PHI,TOR,L. Allen,A. Johnson,L. Fields,PHI,TOR,J. Holiday,/players/h/holidjr01.html,TOR,PHI,L. Allen,/players/a/allenla01.html,A. Johnson,/players/j/johnsam01.html,0
201301180BRK,https://www.basketball-reference.com/boxscores/pbp/201301180BRK.html,Brooklyn Nets,Atlanta Hawks,BRK,ATL,B. Lopez,Z. Pachulia,J. Johnson,BRK,ATL,D. Williams,/players/w/willide01.html,BRK,ATL,B. Lopez,/players/l/lopezbr01.html,Z. Pachulia,/players/p/pachuza01.html,1
201301180MEM,https://www.basketball-reference.com/boxscores/pbp/201301180MEM.html,Memphis Grizzlies,Sacramento Kings,MEM,SAC,M. Gasol,J. Thompson,T. Allen,MEM,SAC,M. Speights,/players/s/speigma01.html,MEM,SAC,M. Gasol,/players/g/gasolma01.html,J. Thompson,/players/t/thompja02.html,1
201301180SAS,https://www.basketball-reference.com/boxscores/pbp/201301180SAS.html,San Antonio Spurs,Golden State Warriors,SAS,GSW,T. Duncan,F. Ezeli,J. Jack,SAS,GSW,T. Parker,/players/p/parketo01.html,GSW,SAS,T. Duncan,/players/d/duncati01.html,F. Ezeli,/players/e/ezelife01.html,0
201301180DEN,https://www.basketball-reference.com/boxscores/pbp/201301180DEN.html,Denver Nuggets,Washington Wizards,DEN,WAS,,,,,,,,,,,,
201301180DAL,https://www.basketball-reference.com/boxscores/pbp/201301180DAL.html,Dallas Mavericks,Oklahoma City Thunder,DAL,OKC,C. Kaman,S. Ibaka,S. Marion,DAL,OKC,D. Nowitzki,/players/n/nowitdi01.html,DAL,OKC,C. Kaman,/players/k/kamanch01.html,S. Ibaka,/players/i/ibakase01.html,1
201301190ATL,https://www.basketball-reference.com/boxscores/pbp/201301190ATL.html,Atlanta Hawks,San Antonio Spurs,ATL,SAS,Z. Pachulia,T. Splitter,K. Korver,ATL,SAS,J. Smith,/players/s/smithjo03.html,ATL,SAS,Z. Pachulia,/players/p/pachuza01.html,T. Splitter,/players/s/splitti01.html,1
201301190CHA,https://www.basketball-reference.com/boxscores/pbp/201301190CHA.html,Charlotte Bobcats,Sacramento Kings,CHA,SAC,B. Biyombo,J. Thompson,M. Kidd-Gilchrist,CHA,SAC,G. Henderson,/players/h/hendege02.html,CHA,SAC,B. Biyombo,/players/b/biyombi01.html,J. Thompson,/players/t/thompja02.html,1
201301190CHI,https://www.basketball-reference.com/boxscores/pbp/201301190CHI.html,Chicago Bulls,Memphis Grizzlies,CHI,MEM,J. Noah,M. Gasol,C. Boozer,CHI,MEM,R. Hamilton,/players/h/hamilri01.html,CHI,MEM,J. Noah,/players/n/noahjo01.html,M. Gasol,/players/g/gasolma01.html,1
201301190MIN,https://www.basketball-reference.com/boxscores/pbp/201301190MIN.html,Minnesota Timberwolves,Houston Rockets,MIN,HOU,G. Stiemsma,Ö. Aşık,R. Rubio,MIN,HOU,A. Kirilenko,/players/k/kirilan01.html,MIN,HOU,G. Stiemsma,/players/s/stiemgr01.html,Ö. Aşık,/players/a/asikom01.html,1
201301190NOH,https://www.basketball-reference.com/boxscores/pbp/201301190NOH.html,New Orleans Hornets,Golden State Warriors,NOH,GSW,R. Lopez,F. Ezeli,H. Barnes,NOH,GSW,A. Davis,/players/d/davisan02.html,GSW,NOH,R. Lopez,/players/l/lopezro01.html,F. Ezeli,/players/e/ezelife01.html,0
201301190UTA,https://www.basketball-reference.com/boxscores/pbp/201301190UTA.html,Utah Jazz,Cleveland Cavaliers,UTA,CLE,A. Jefferson,T. Zeller,J. Tinsley,CLE,UTA,K. Irving,/players/i/irvinky01.html,UTA,CLE,T. Zeller,/players/z/zellety01.html,A. Jefferson,/players/j/jeffeal01.html,0
201301190POR,https://www.basketball-reference.com/boxscores/pbp/201301190POR.html,Portland Trail Blazers,Milwaukee Bucks,POR,MIL,J. Hickson,L. Sanders,L. Mbah a Moute,POR,MIL,D. Lillard,/players/l/lillada01.html,MIL,POR,J. Hickson,/players/h/hicksjj01.html,L. Sanders,/players/s/sandela01.html,0
201301190LAC,https://www.basketball-reference.com/boxscores/pbp/201301190LAC.html,Los Angeles Clippers,Washington Wizards,LAC,WAS,D. Jordan,E. Okafor,B. Beal,LAC,WAS,C. Paul,/players/p/paulch01.html,WAS,LAC,D. Jordan,/players/j/jordade01.html,E. Okafor,/players/o/okafoem01.html,0
201301200TOR,https://www.basketball-reference.com/boxscores/pbp/201301200TOR.html,Toronto Raptors,Los Angeles Lakers,TOR,LAL,A. Gray,D. Howard,S. Nash,LAL,TOR,P. Gasol,/players/g/gasolpa01.html,LAL,TOR,D. Howard,/players/h/howardw01.html,A. Gray,/players/g/grayaa01.html,1
201301200ORL,https://www.basketball-reference.com/boxscores/pbp/201301200ORL.html,Orlando Magic,Dallas Mavericks,ORL,DAL,N. Vučević,C. Kaman,G. Davis,ORL,DAL,G. Davis,/players/d/davisgl01.html,ORL,DAL,N. Vučević,/players/v/vucevni01.html,C. Kaman,/players/k/kamanch01.html,1
201301200DET,https://www.basketball-reference.com/boxscores/pbp/201301200DET.html,Detroit Pistons,Boston Celtics,DET,BOS,G. Monroe,K. Garnett,G. Monroe,DET,BOS,J. Maxiell,/players/m/maxieja01.html,DET,BOS,G. Monroe,/players/m/monrogr01.html,K. Garnett,/players/g/garneke01.html,1
201301200DEN,https://www.basketball-reference.com/boxscores/pbp/201301200DEN.html,Denver Nuggets,Oklahoma City Thunder,DEN,OKC,,,,,,,,,,,,
201301210MEM,https://www.basketball-reference.com/boxscores/pbp/201301210MEM.html,Memphis Grizzlies,Indiana Pacers,MEM,IND,M. Gasol,R. Hibbert,M. Gasol,MEM,IND,M. Conley,/players/c/conlemi01.html,MEM,IND,M. Gasol,/players/g/gasolma01.html,R. Hibbert,/players/h/hibbero01.html,1
201301210NOH,https://www.basketball-reference.com/boxscores/pbp/201301210NOH.html,New Orleans Hornets,Sacramento Kings,NOH,SAC,R. Lopez,J. Thompson,J. Thompson,NOH,SAC,A. Davis,/players/d/davisan02.html,SAC,NOH,R. Lopez,/players/l/lopezro01.html,J. Thompson,/players/t/thompja02.html,0
201301210ATL,https://www.basketball-reference.com/boxscores/pbp/201301210ATL.html,Atlanta Hawks,Minnesota Timberwolves,ATL,MIN,Z. Pachulia,G. Stiemsma,A. Horford,MIN,ATL,D. Williams,/players/w/willide02.html,ATL,MIN,G. Stiemsma,/players/s/stiemgr01.html,Z. Pachulia,/players/p/pachuza01.html,0
201301210CHA,https://www.basketball-reference.com/boxscores/pbp/201301210CHA.html,Charlotte Bobcats,Houston Rockets,CHA,HOU,B. Biyombo,Ö. Aşık,M. Kidd-Gilchrist,CHA,HOU,K. Walker,/players/w/walkeke02.html,CHA,HOU,B. Biyombo,/players/b/biyombi01.html,Ö. Aşık,/players/a/asikom01.html,1
201301210NYK,https://www.basketball-reference.com/boxscores/pbp/201301210NYK.html,New York Knicks,Brooklyn Nets,NYK,BRK,T. Chandler,B. Lopez,B. Lopez,BRK,NYK,D. Williams,/players/w/willide01.html,BRK,NYK,B. Lopez,/players/l/lopezbr01.html,T. Chandler,/players/c/chandty01.html,1
201301210GSW,https://www.basketball-reference.com/boxscores/pbp/201301210GSW.html,Golden State Warriors,Los Angeles Clippers,GSW,LAC,F. Ezeli,D. Jordan,B. Griffin,LAC,GSW,B. Griffin,/players/g/griffbl01.html,LAC,GSW,D. Jordan,/players/j/jordade01.html,F. Ezeli,/players/e/ezelife01.html,1
201301210PHI,https://www.basketball-reference.com/boxscores/pbp/201301210PHI.html,Philadelphia 76ers,San Antonio Spurs,PHI,SAS,L. Allen,T. Duncan,T. Parker,SAS,PHI,T. Parker,/players/p/parketo01.html,SAS,PHI,T. Duncan,/players/d/duncati01.html,L. Allen,/players/a/allenla01.html,1
201301210CHI,https://www.basketball-reference.com/boxscores/pbp/201301210CHI.html,Chicago Bulls,Los Angeles Lakers,CHI,LAL,J. Noah,D. Howard,C. Boozer,CHI,LAL,K. Hinrich,/players/h/hinriki01.html,CHI,LAL,J. Noah,/players/n/noahjo01.html,D. Howard,/players/h/howardw01.html,1
201301210POR,https://www.basketball-reference.com/boxscores/pbp/201301210POR.html,Portland Trail Blazers,Washington Wizards,POR,WAS,J. Hickson,E. Okafor,N. Hilário,WAS,POR,A. Price,/players/p/priceaj01.html,WAS,POR,E. Okafor,/players/o/okafoem01.html,J. Hickson,/players/h/hicksjj01.html,1
201301220CLE,https://www.basketball-reference.com/boxscores/pbp/201301220CLE.html,Cleveland Cavaliers,Boston Celtics,CLE,BOS,T. Zeller,K. Garnett,P. Pierce,BOS,CLE,B. Bass,/players/b/bassbr01.html,BOS,CLE,K. Garnett,/players/g/garneke01.html,T. Zeller,/players/z/zellety01.html,1
201301220DET,https://www.basketball-reference.com/boxscores/pbp/201301220DET.html,Detroit Pistons,Orlando Magic,DET,ORL,G. Monroe,N. Vučević,J. Redick,ORL,DET,G. Davis,/players/d/davisgl01.html,ORL,DET,N. Vučević,/players/v/vucevni01.html,G. Monroe,/players/m/monrogr01.html,1
201301220MIL,https://www.basketball-reference.com/boxscores/pbp/201301220MIL.html,Milwaukee Bucks,Philadelphia 76ers,MIL,PHI,L. Sanders,L. Allen,B. Jennings,MIL,PHI,E. İlyasova,/players/i/ilyaser01.html,MIL,PHI,L. Sanders,/players/s/sandela01.html,L. Allen,/players/a/allenla01.html,1
201301220LAC,https://www.basketball-reference.com/boxscores/pbp/201301220LAC.html,Los Angeles Clippers,Oklahoma City Thunder,LAC,OKC,D. Jordan,S. Ibaka,B. Griffin,LAC,OKC,E. Bledsoe,/players/b/bledser01.html,LAC,OKC,D. Jordan,/players/j/jordade01.html,S. Ibaka,/players/i/ibakase01.html,1
201301230CHA,https://www.basketball-reference.com/boxscores/pbp/201301230CHA.html,Charlotte Bobcats,Atlanta Hawks,CHA,ATL,B. Biyombo,J. Smith,J. Smith,ATL,CHA,J. Teague,/players/t/teaguje01.html,ATL,CHA,J. Smith,/players/s/smithjo03.html,B. Biyombo,/players/b/biyombi01.html,1
201301230MIA,https://www.basketball-reference.com/boxscores/pbp/201301230MIA.html,Miami Heat,Toronto Raptors,MIA,TOR,C. Bosh,A. Johnson,C. Bosh,MIA,TOR,U. Haslem,/players/h/hasleud01.html,MIA,TOR,C. Bosh,/players/b/boshch01.html,A. Johnson,/players/j/johnsam01.html,1
201301230CHI,https://www.basketball-reference.com/boxscores/pbp/201301230CHI.html,Chicago Bulls,Detroit Pistons,CHI,DET,J. Noah,G. Monroe,R. Hamilton,CHI,DET,K. Hinrich,/players/h/hinriki01.html,CHI,DET,J. Noah,/players/n/noahjo01.html,G. Monroe,/players/m/monrogr01.html,1
201301230HOU,https://www.basketball-reference.com/boxscores/pbp/201301230HOU.html,Houston Rockets,Denver Nuggets,HOU,DEN,Ö. Aşık,K. Koufos,J. Harden,DEN,HOU,D. Gallinari,/players/g/gallida01.html,HOU,DEN,K. Koufos,/players/k/koufoko01.html,Ö. Aşık,/players/a/asikom01.html,0
201301230MEM,https://www.basketball-reference.com/boxscores/pbp/201301230MEM.html,Memphis Grizzlies,Los Angeles Lakers,MEM,LAL,M. Gasol,D. Howard,E. Clark,LAL,MEM,S. Nash,/players/n/nashst01.html,LAL,MEM,D. Howard,/players/h/howardw01.html,M. Gasol,/players/g/gasolma01.html,1
201301230MIN,https://www.basketball-reference.com/boxscores/pbp/201301230MIN.html,Minnesota Timberwolves,Brooklyn Nets,MIN,BRK,G. Stiemsma,B. Lopez,B. Lopez,MIN,BRK,A. Kirilenko,/players/k/kirilan01.html,BRK,MIN,G. Stiemsma,/players/s/stiemgr01.html,B. Lopez,/players/l/lopezbr01.html,0
201301230SAS,https://www.basketball-reference.com/boxscores/pbp/201301230SAS.html,San Antonio Spurs,New Orleans Hornets,SAS,NOH,T. Splitter,R. Lopez,E. Gordon,NOH,SAS,E. Gordon,/players/g/gordoer01.html,NOH,SAS,R. Lopez,/players/l/lopezro01.html,T. Splitter,/players/s/splitti01.html,1
201301230UTA,https://www.basketball-reference.com/boxscores/pbp/201301230UTA.html,Utah Jazz,Washington Wizards,UTA,WAS,A. Jefferson,E. Okafor,N. Hilário,WAS,UTA,M. Webster,/players/w/webstma02.html,WAS,UTA,E. Okafor,/players/o/okafoem01.html,A. Jefferson,/players/j/jeffeal01.html,1
201301230POR,https://www.basketball-reference.com/boxscores/pbp/201301230POR.html,Portland Trail Blazers,Indiana Pacers,POR,IND,J. Hickson,R. Hibbert,R. Hibbert,POR,IND,L. Aldridge,/players/a/aldrila01.html,IND,POR,J. Hickson,/players/h/hicksjj01.html,R. Hibbert,/players/h/hibbero01.html,0
201301230SAC,https://www.basketball-reference.com/boxscores/pbp/201301230SAC.html,Sacramento Kings,Phoenix Suns,SAC,PHO,J. Thompson,M. Gortat,L. Scola,PHO,SAC,P. Tucker,/players/t/tuckepj01.html,PHO,SAC,M. Gortat,/players/g/gortama01.html,J. Thompson,/players/t/thompja02.html,1
201301230GSW,https://www.basketball-reference.com/boxscores/pbp/201301230GSW.html,Golden State Warriors,Oklahoma City Thunder,GSW,OKC,F. Ezeli,S. Ibaka,K. Durant,GSW,OKC,H. Barnes,/players/b/barneha02.html,OKC,GSW,F. Ezeli,/players/e/ezelife01.html,S. Ibaka,/players/i/ibakase01.html,0
201301240ORL,https://www.basketball-reference.com/boxscores/pbp/201301240ORL.html,Orlando Magic,Toronto Raptors,ORL,TOR,N. Vučević,A. Johnson,J. Calderón,TOR,ORL,E. Davis,/players/d/davised01.html,TOR,ORL,A. Johnson,/players/j/johnsam01.html,N. Vučević,/players/v/vucevni01.html,1
201301240BOS,https://www.basketball-reference.com/boxscores/pbp/201301240BOS.html,Boston Celtics,New York Knicks,BOS,NYK,K. Garnett,T. Chandler,P. Pierce,NYK,BOS,I. Shumpert,/players/s/shumpim01.html,BOS,NYK,T. Chandler,/players/c/chandty01.html,K. Garnett,/players/g/garneke01.html,0
201301240PHO,https://www.basketball-reference.com/boxscores/pbp/201301240PHO.html,Phoenix Suns,Los Angeles Clippers,PHO,LAC,,,,,,,,,,,,
201301250WAS,https://www.basketball-reference.com/boxscores/pbp/201301250WAS.html,Washington Wizards,Minnesota Timberwolves,WAS,MIN,E. Okafor,G. Stiemsma,N. Hilário,WAS,MIN,J. Wall,/players/w/walljo01.html,WAS,MIN,E. Okafor,/players/o/okafoem01.html,G. Stiemsma,/players/s/stiemgr01.html,1
201301250ATL,https://www.basketball-reference.com/boxscores/pbp/201301250ATL.html,Atlanta Hawks,Boston Celtics,ATL,BOS,J. Smith,K. Garnett,I. Johnson,BOS,ATL,P. Pierce,/players/p/piercpa01.html,ATL,BOS,K. Garnett,/players/g/garneke01.html,J. Smith,/players/s/smithjo03.html,0
201301250CLE,https://www.basketball-reference.com/boxscores/pbp/201301250CLE.html,Cleveland Cavaliers,Milwaukee Bucks,CLE,MIL,T. Zeller,L. Sanders,L. Mbah a Moute,CLE,MIL,K. Irving,/players/i/irvinky01.html,MIL,CLE,T. Zeller,/players/z/zellety01.html,L. Sanders,/players/s/sandela01.html,0
201301250MIA,https://www.basketball-reference.com/boxscores/pbp/201301250MIA.html,Miami Heat,Detroit Pistons,MIA,DET,C. Bosh,G. Monroe,L. James,MIA,DET,M. Chalmers,/players/c/chalmma01.html,MIA,DET,C. Bosh,/players/b/boshch01.html,G. Monroe,/players/m/monrogr01.html,1
201301250CHI,https://www.basketball-reference.com/boxscores/pbp/201301250CHI.html,Chicago Bulls,Golden State Warriors,CHI,GSW,J. Noah,F. Ezeli,C. Boozer,CHI,GSW,C. Boozer,/players/b/boozeca01.html,CHI,GSW,J. Noah,/players/n/noahjo01.html,F. Ezeli,/players/e/ezelife01.html,1
201301250DAL,https://www.basketball-reference.com/boxscores/pbp/201301250DAL.html,Dallas Mavericks,San Antonio Spurs,DAL,SAS,E. Brand,T. Splitter,T. Parker,SAS,DAL,T. Parker,/players/p/parketo01.html,SAS,DAL,T. Splitter,/players/s/splitti01.html,E. Brand,/players/b/brandel01.html,1
201301250MEM,https://www.basketball-reference.com/boxscores/pbp/201301250MEM.html,Memphis Grizzlies,Brooklyn Nets,MEM,BRK,M. Gasol,B. Lopez,B. Lopez,MEM,BRK,M. Conley,/players/c/conlemi01.html,BRK,MEM,M. Gasol,/players/g/gasolma01.html,B. Lopez,/players/l/lopezbr01.html,0
201301250NOH,https://www.basketball-reference.com/boxscores/pbp/201301250NOH.html,New Orleans Hornets,Houston Rockets,NOH,HOU,R. Lopez,Ö. Aşık,A. Davis,NOH,HOU,A. Davis,/players/d/davisan02.html,NOH,HOU,R. Lopez,/players/l/lopezro01.html,Ö. Aşık,/players/a/asikom01.html,1
201301250SAC,https://www.basketball-reference.com/boxscores/pbp/201301250SAC.html,Sacramento Kings,Oklahoma City Thunder,SAC,OKC,J. Thompson,S. Ibaka,R. Westbrook,SAC,OKC,D. Cousins,/players/c/couside01.html,OKC,SAC,J. Thompson,/players/t/thompja02.html,S. Ibaka,/players/i/ibakase01.html,0
201301250LAL,https://www.basketball-reference.com/boxscores/pbp/201301250LAL.html,Los Angeles Lakers,Utah Jazz,LAL,UTA,D. Howard,A. Jefferson,M. World Peace,LAL,UTA,S. Nash,/players/n/nashst01.html,LAL,UTA,D. Howard,/players/h/howardw01.html,A. Jefferson,/players/j/jeffeal01.html,1
201301260PHI,https://www.basketball-reference.com/boxscores/pbp/201301260PHI.html,Philadelphia 76ers,New York Knicks,PHI,NYK,S. Hawes,T. Chandler,J. Holiday,NYK,PHI,R. Felton,/players/f/feltora01.html,PHI,NYK,T. Chandler,/players/c/chandty01.html,S. Hawes,/players/h/hawessp01.html,0
201301260TOR,https://www.basketball-reference.com/boxscores/pbp/201301260TOR.html,Toronto Raptors,Cleveland Cavaliers,TOR,CLE,A. Johnson,T. Zeller,D. DeRozan,TOR,CLE,J. Calderón,/players/c/caldejo01.html,TOR,CLE,A. Johnson,/players/j/johnsam01.html,T. Zeller,/players/z/zellety01.html,1
201301260WAS,https://www.basketball-reference.com/boxscores/pbp/201301260WAS.html,Washington Wizards,Chicago Bulls,WAS,CHI,E. Okafor,J. Noah,B. Beal,CHI,WAS,J. Noah,/players/n/noahjo01.html,WAS,CHI,J. Noah,/players/n/noahjo01.html,E. Okafor,/players/o/okafoem01.html,0
201301260CHA,https://www.basketball-reference.com/boxscores/pbp/201301260CHA.html,Charlotte Bobcats,Minnesota Timberwolves,CHA,MIN,B. Biyombo,G. Stiemsma,A. Kirilenko,MIN,CHA,A. Kirilenko,/players/k/kirilan01.html,MIN,CHA,G. Stiemsma,/players/s/stiemgr01.html,B. Biyombo,/players/b/biyombi01.html,1
201301260HOU,https://www.basketball-reference.com/boxscores/pbp/201301260HOU.html,Houston Rockets,Brooklyn Nets,HOU,BRK,Ö. Aşık,B. Lopez,Ö. Aşık,BRK,HOU,D. Williams,/players/w/willide01.html,HOU,BRK,B. Lopez,/players/l/lopezbr01.html,Ö. Aşık,/players/a/asikom01.html,0
201301260MIL,https://www.basketball-reference.com/boxscores/pbp/201301260MIL.html,Milwaukee Bucks,Golden State Warriors,MIL,GSW,L. Sanders,F. Ezeli,E. İlyasova,GSW,MIL,D. Lee,/players/l/leeda02.html,MIL,GSW,F. Ezeli,/players/e/ezelife01.html,L. Sanders,/players/s/sandela01.html,0
201301260SAS,https://www.basketball-reference.com/boxscores/pbp/201301260SAS.html,San Antonio Spurs,Phoenix Suns,SAS,PHO,T. Splitter,M. Gortat,J. Dudley,PHO,SAS,P. Tucker,/players/t/tuckepj01.html,PHO,SAS,M. Gortat,/players/g/gortama01.html,T. Splitter,/players/s/splitti01.html,1
201301260DEN,https://www.basketball-reference.com/boxscores/pbp/201301260DEN.html,Denver Nuggets,Sacramento Kings,DEN,SAC,K. Koufos,J. Thompson,T. Lawson,DEN,SAC,D. Gallinari,/players/g/gallida01.html,DEN,SAC,K. Koufos,/players/k/koufoko01.html,J. Thompson,/players/t/thompja02.html,1
201301260UTA,https://www.basketball-reference.com/boxscores/pbp/201301260UTA.html,Utah Jazz,Indiana Pacers,UTA,IND,A. Jefferson,R. Hibbert,R. Hibbert,UTA,IND,R. Foye,/players/f/foyera01.html,IND,UTA,A. Jefferson,/players/j/jeffeal01.html,R. Hibbert,/players/h/hibbero01.html,0
201301260POR,https://www.basketball-reference.com/boxscores/pbp/201301260POR.html,Portland Trail Blazers,Los Angeles Clippers,POR,LAC,J. Hickson,D. Jordan,J. Hickson,LAC,POR,B. Griffin,/players/g/griffbl01.html,POR,LAC,D. Jordan,/players/j/jordade01.html,J. Hickson,/players/h/hicksjj01.html,0
201301270BOS,https://www.basketball-reference.com/boxscores/pbp/201301270BOS.html,Boston Celtics,Miami Heat,BOS,MIA,K. Garnett,C. Bosh,C. Bosh,MIA,BOS,M. Chalmers,/players/c/chalmma01.html,MIA,BOS,C. Bosh,/players/b/boshch01.html,K. Garnett,/players/g/garneke01.html,1
201301270LAL,https://www.basketball-reference.com/boxscores/pbp/201301270LAL.html,Los Angeles Lakers,Oklahoma City Thunder,LAL,OKC,D. Howard,S. Ibaka,M. World Peace,LAL,OKC,S. Nash,/players/n/nashst01.html,LAL,OKC,D. Howard,/players/h/howardw01.html,S. Ibaka,/players/i/ibakase01.html,1
201301270MEM,https://www.basketball-reference.com/boxscores/pbp/201301270MEM.html,Memphis Grizzlies,New Orleans Hornets,MEM,NOH,M. Gasol,R. Lopez,M. Gasol,NOH,MEM,A. Davis,/players/d/davisan02.html,MEM,NOH,R. Lopez,/players/l/lopezro01.html,M. Gasol,/players/g/gasolma01.html,0
201301270ORL,https://www.basketball-reference.com/boxscores/pbp/201301270ORL.html,Orlando Magic,Detroit Pistons,ORL,DET,N. Vučević,G. Monroe,J. Maxiell,DET,ORL,K. Singler,/players/s/singlky01.html,DET,ORL,G. Monroe,/players/m/monrogr01.html,N. Vučević,/players/v/vucevni01.html,1
201301270NYK,https://www.basketball-reference.com/boxscores/pbp/201301270NYK.html,New York Knicks,Atlanta Hawks,NYK,ATL,T. Chandler,J. Smith,R. Felton,ATL,NYK,D. Harris,/players/h/harride01.html,NYK,ATL,J. Smith,/players/s/smithjo03.html,T. Chandler,/players/c/chandty01.html,0
201301270DAL,https://www.basketball-reference.com/boxscores/pbp/201301270DAL.html,Dallas Mavericks,Phoenix Suns,DAL,PHO,B. James,M. Gortat,M. Gortat,DAL,PHO,D. Collison,/players/c/collida01.html,PHO,DAL,B. James,/players/j/jamesbe01.html,M. Gortat,/players/g/gortama01.html,0
201301270LAC,https://www.basketball-reference.com/boxscores/pbp/201301270LAC.html,Los Angeles Clippers,Portland Trail Blazers,LAC,POR,D. Jordan,J. Hickson,E. Bledsoe,LAC,POR,E. Bledsoe,/players/b/bledser01.html,LAC,POR,D. Jordan,/players/j/jordade01.html,J. Hickson,/players/h/hicksjj01.html,1
201301280PHI,https://www.basketball-reference.com/boxscores/pbp/201301280PHI.html,Philadelphia 76ers,Memphis Grizzlies,PHI,MEM,S. Hawes,M. Gasol,J. Holiday,PHI,MEM,T. Young,/players/y/youngth01.html,PHI,MEM,S. Hawes,/players/h/hawessp01.html,M. Gasol,/players/g/gasolma01.html,1
201301280TOR,https://www.basketball-reference.com/boxscores/pbp/201301280TOR.html,Toronto Raptors,Golden State Warriors,TOR,GSW,A. Gray,A. Bogut,A. Bogut,GSW,TOR,S. Curry,/players/c/curryst01.html,GSW,TOR,A. Bogut,/players/b/bogutan01.html,A. Gray,/players/g/grayaa01.html,1
201301280WAS,https://www.basketball-reference.com/boxscores/pbp/201301280WAS.html,Washington Wizards,Sacramento Kings,WAS,SAC,E. Okafor,J. Thompson,M. Webster,WAS,SAC,J. Wall,/players/w/walljo01.html,WAS,SAC,E. Okafor,/players/o/okafoem01.html,J. Thompson,/players/t/thompja02.html,1
201301280BRK,https://www.basketball-reference.com/boxscores/pbp/201301280BRK.html,Brooklyn Nets,Orlando Magic,BRK,ORL,B. Lopez,N. Vučević,N. Vučević,ORL,BRK,J. Redick,/players/r/redicjj01.html,ORL,BRK,N. Vučević,/players/v/vucevni01.html,B. Lopez,/players/l/lopezbr01.html,1
201301280CHI,https://www.basketball-reference.com/boxscores/pbp/201301280CHI.html,Chicago Bulls,Charlotte Bobcats,CHI,CHA,J. Noah,B. Biyombo,J. Noah,CHI,CHA,C. Boozer,/players/b/boozeca01.html,CHI,CHA,J. Noah,/players/n/noahjo01.html,B. Biyombo,/players/b/biyombi01.html,1
201301280DEN,https://www.basketball-reference.com/boxscores/pbp/201301280DEN.html,Denver Nuggets,Indiana Pacers,DEN,IND,K. Koufos,R. Hibbert,K. Faried,IND,DEN,D. West,/players/w/westda01.html,DEN,IND,R. Hibbert,/players/h/hibbero01.html,K. Koufos,/players/k/koufoko01.html,0
201301280UTA,https://www.basketball-reference.com/boxscores/pbp/201301280UTA.html,Utah Jazz,Houston Rockets,UTA,HOU,A. Jefferson,Ö. Aşık,M. Williams,UTA,HOU,M. Williams,/players/w/willima02.html,UTA,HOU,A. Jefferson,/players/j/jeffeal01.html,Ö. Aşık,/players/a/asikom01.html,1
201301290CLE,https://www.basketball-reference.com/boxscores/pbp/201301290CLE.html,Cleveland Cavaliers,Golden State Warriors,CLE,GSW,T. Zeller,A. Biedriņš,A. Biedriņš,GSW,CLE,R. Jefferson,/players/j/jefferi01.html,GSW,CLE,A. Biedriņš,/players/b/biedran01.html,T. Zeller,/players/z/zellety01.html,1
201301290DET,https://www.basketball-reference.com/boxscores/pbp/201301290DET.html,Detroit Pistons,Milwaukee Bucks,DET,MIL,G. Monroe,L. Sanders,M. Ellis,MIL,DET,E. İlyasova,/players/i/ilyaser01.html,MIL,DET,L. Sanders,/players/s/sandela01.html,G. Monroe,/players/m/monrogr01.html,1
201301290POR,https://www.basketball-reference.com/boxscores/pbp/201301290POR.html,Portland Trail Blazers,Dallas Mavericks,POR,DAL,J. Hickson,B. James,J. Hickson,DAL,POR,D. Collison,/players/c/collida01.html,POR,DAL,B. James,/players/j/jamesbe01.html,J. Hickson,/players/h/hicksjj01.html,0
201301290LAL,https://www.basketball-reference.com/boxscores/pbp/201301290LAL.html,Los Angeles Lakers,New Orleans Hornets,LAL,NOH,D. Howard,R. Lopez,D. Howard,NOH,LAL,E. Gordon,/players/g/gordoer01.html,LAL,NOH,R. Lopez,/players/l/lopezro01.html,D. Howard,/players/h/howardw01.html,0
201301300IND,https://www.basketball-reference.com/boxscores/pbp/201301300IND.html,Indiana Pacers,Detroit Pistons,IND,DET,R. Hibbert,G. Monroe,L. Stephenson,DET,IND,J. Maxiell,/players/m/maxieja01.html,IND,DET,G. Monroe,/players/m/monrogr01.html,R. Hibbert,/players/h/hibbero01.html,0
201301300PHI,https://www.basketball-reference.com/boxscores/pbp/201301300PHI.html,Philadelphia 76ers,Washington Wizards,PHI,WAS,S. Hawes,E. Okafor,N. Young,PHI,WAS,T. Young,/players/y/youngth01.html,PHI,WAS,S. Hawes,/players/h/hawessp01.html,E. Okafor,/players/o/okafoem01.html,1
201301300ATL,https://www.basketball-reference.com/boxscores/pbp/201301300ATL.html,Atlanta Hawks,Toronto Raptors,ATL,TOR,J. Smith,A. Gray,A. Gray,TOR,ATL,A. Anderson,/players/a/anderal01.html,TOR,ATL,A. Gray,/players/g/grayaa01.html,J. Smith,/players/s/smithjo03.html,1
201301300BOS,https://www.basketball-reference.com/boxscores/pbp/201301300BOS.html,Boston Celtics,Sacramento Kings,BOS,SAC,K. Garnett,J. Thompson,K. Garnett,BOS,SAC,C. Lee,/players/l/leeco01.html,BOS,SAC,K. Garnett,/players/g/garneke01.html,J. Thompson,/players/t/thompja02.html,1
201301300NYK,https://www.basketball-reference.com/boxscores/pbp/201301300NYK.html,New York Knicks,Orlando Magic,NYK,ORL,T. Chandler,N. Vučević,G. Davis,NYK,ORL,R. Felton,/players/f/feltora01.html,ORL,NYK,T. Chandler,/players/c/chandty01.html,N. Vučević,/players/v/vucevni01.html,0
201301300BRK,https://www.basketball-reference.com/boxscores/pbp/201301300BRK.html,Brooklyn Nets,Miami Heat,BRK,MIA,B. Lopez,C. Bosh,J. Johnson,BRK,MIA,D. Williams,/players/w/willide01.html,BRK,MIA,B. Lopez,/players/l/lopezbr01.html,C. Bosh,/players/b/boshch01.html,1
201301300MIL,https://www.basketball-reference.com/boxscores/pbp/201301300MIL.html,Milwaukee Bucks,Chicago Bulls,MIL,CHI,S. Dalembert,J. Noah,S. Dalembert,MIL,CHI,B. Jennings,/players/j/jennibr01.html,MIL,CHI,S. Dalembert,/players/d/dalemsa01.html,J. Noah,/players/n/noahjo01.html,1
201301300MIN,https://www.basketball-reference.com/boxscores/pbp/201301300MIN.html,Minnesota Timberwolves,Los Angeles Clippers,MIN,LAC,N. Peković,D. Jordan,N. Peković,LAC,MIN,B. Griffin,/players/g/griffbl01.html,MIN,LAC,D. Jordan,/players/j/jordade01.html,N. Peković,/players/p/pekovni01.html,0
201301300SAS,https://www.basketball-reference.com/boxscores/pbp/201301300SAS.html,San Antonio Spurs,Charlotte Bobcats,SAS,CHA,T. Splitter,B. Biyombo,D. Green,SAS,CHA,K. Leonard,/players/l/leonaka01.html,SAS,CHA,T. Splitter,/players/s/splitti01.html,B. Biyombo,/players/b/biyombi01.html,1
201301300DEN,https://www.basketball-reference.com/boxscores/pbp/201301300DEN.html,Denver Nuggets,Houston Rockets,DEN,HOU,,,,,,,,,,,,
201301300UTA,https://www.basketball-reference.com/boxscores/pbp/201301300UTA.html,Utah Jazz,New Orleans Hornets,UTA,NOH,A. Jefferson,R. Lopez,A. Davis,NOH,UTA,G. Vásquez,/players/v/vasqugr01.html,NOH,UTA,R. Lopez,/players/l/lopezro01.html,A. Jefferson,/players/j/jeffeal01.html,1
201301300PHO,https://www.basketball-reference.com/boxscores/pbp/201301300PHO.html,Phoenix Suns,Los Angeles Lakers,PHO,LAL,M. Gortat,D. Howard,G. Dragić,LAL,PHO,M. World Peace,/players/a/artesro01.html,PHO,LAL,D. Howard,/players/h/howardw01.html,M. Gortat,/players/g/gortama01.html,0
201301310OKC,https://www.basketball-reference.com/boxscores/pbp/201301310OKC.html,Oklahoma City Thunder,Memphis Grizzlies,OKC,MEM,,,,,,,,,,,,
201301310GSW,https://www.basketball-reference.com/boxscores/pbp/201301310GSW.html,Golden State Warriors,Dallas Mavericks,GSW,DAL,A. Bogut,E. Brand,A. Bogut,GSW,DAL,J. Jack,/players/j/jackja01.html,GSW,DAL,A. Bogut,/players/b/bogutan01.html,E. Brand,/players/b/brandel01.html,1
201302010TOR,https://www.basketball-reference.com/boxscores/pbp/201302010TOR.html,Toronto Raptors,Los Angeles Clippers,TOR,LAC,A. Johnson,D. Jordan,B. Griffin,LAC,TOR,C. Butler,/players/b/butleca01.html,LAC,TOR,D. Jordan,/players/j/jordade01.html,A. Johnson,/players/j/johnsam01.html,1
201302010BOS,https://www.basketball-reference.com/boxscores/pbp/201302010BOS.html,Boston Celtics,Orlando Magic,BOS,ORL,K. Garnett,N. Vučević,A. Nicholson,BOS,ORL,B. Bass,/players/b/bassbr01.html,ORL,BOS,K. Garnett,/players/g/garneke01.html,N. Vučević,/players/v/vucevni01.html,0
201302010BRK,https://www.basketball-reference.com/boxscores/pbp/201302010BRK.html,Brooklyn Nets,Chicago Bulls,BRK,CHI,B. Lopez,N. Mohammed,B. Lopez,BRK,CHI,D. Williams,/players/w/willide01.html,BRK,CHI,B. Lopez,/players/l/lopezbr01.html,N. Mohammed,/players/m/mohamna01.html,1
201302010DET,https://www.basketball-reference.com/boxscores/pbp/201302010DET.html,Detroit Pistons,Cleveland Cavaliers,DET,CLE,G. Monroe,T. Zeller,G. Monroe,DET,CLE,J. Maxiell,/players/m/maxieja01.html,DET,CLE,G. Monroe,/players/m/monrogr01.html,T. Zeller,/players/z/zellety01.html,1
201302010NYK,https://www.basketball-reference.com/boxscores/pbp/201302010NYK.html,New York Knicks,Milwaukee Bucks,NYK,MIL,T. Chandler,L. Sanders,C. Anthony,NYK,MIL,C. Anthony,/players/a/anthoca01.html,NYK,MIL,T. Chandler,/players/c/chandty01.html,L. Sanders,/players/s/sandela01.html,1
201302010PHI,https://www.basketball-reference.com/boxscores/pbp/201302010PHI.html,Philadelphia 76ers,Sacramento Kings,PHI,SAC,S. Hawes,J. Thompson,S. Hawes,SAC,PHI,J. Salmons,/players/s/salmojo01.html,PHI,SAC,J. Thompson,/players/t/thompja02.html,S. Hawes,/players/h/hawessp01.html,0
201302010MEM,https://www.basketball-reference.com/boxscores/pbp/201302010MEM.html,Memphis Grizzlies,Washington Wizards,MEM,WAS,M. Gasol,E. Okafor,Z. Randolph,MEM,WAS,M. Conley,/players/c/conlemi01.html,MEM,WAS,M. Gasol,/players/g/gasolma01.html,E. Okafor,/players/o/okafoem01.html,1
201302010DEN,https://www.basketball-reference.com/boxscores/pbp/201302010DEN.html,Denver Nuggets,New Orleans Hornets,DEN,NOH,K. Koufos,R. Lopez,R. Lopez,DEN,NOH,K. Faried,/players/f/farieke01.html,NOH,DEN,K. Koufos,/players/k/koufoko01.html,R. Lopez,/players/l/lopezro01.html,0
201302010PHO,https://www.basketball-reference.com/boxscores/pbp/201302010PHO.html,Phoenix Suns,Dallas Mavericks,PHO,DAL,M. Gortat,E. Brand,O. Mayo,DAL,PHO,D. Collison,/players/c/collida01.html,DAL,PHO,E. Brand,/players/b/brandel01.html,M. Gortat,/players/g/gortama01.html,1
201302010UTA,https://www.basketball-reference.com/boxscores/pbp/201302010UTA.html,Utah Jazz,Portland Trail Blazers,UTA,POR,A. Jefferson,J. Hickson,D. Lillard,UTA,POR,P. Millsap,/players/m/millspa01.html,POR,UTA,A. Jefferson,/players/j/jeffeal01.html,J. Hickson,/players/h/hicksjj01.html,0
201302010MIN,https://www.basketball-reference.com/boxscores/pbp/201302010MIN.html,Minnesota Timberwolves,Los Angeles Lakers,MIN,LAL,N. Peković,P. Gasol,D. Williams,LAL,MIN,M. World Peace,/players/a/artesro01.html,MIN,LAL,P. Gasol,/players/g/gasolpa01.html,N. Peković,/players/p/pekovni01.html,0
201302020ATL,https://www.basketball-reference.com/boxscores/pbp/201302020ATL.html,Atlanta Hawks,Chicago Bulls,ATL,CHI,J. Smith,T. Gibson,T. Gibson,ATL,CHI,J. Teague,/players/t/teaguje01.html,CHI,ATL,J. Smith,/players/s/smithjo03.html,T. Gibson,/players/g/gibsota01.html,0
201302020CLE,https://www.basketball-reference.com/boxscores/pbp/201302020CLE.html,Cleveland Cavaliers,Oklahoma City Thunder,CLE,OKC,T. Zeller,S. Ibaka,R. Westbrook,CLE,OKC,D. Waiters,/players/w/waitedi01.html,OKC,CLE,T. Zeller,/players/z/zellety01.html,S. Ibaka,/players/i/ibakase01.html,0
201302020NYK,https://www.basketball-reference.com/boxscores/pbp/201302020NYK.html,New York Knicks,Sacramento Kings,NYK,SAC,T. Chandler,D. Cousins,D. Cousins,NYK,SAC,R. Felton,/players/f/feltora01.html,SAC,NYK,T. Chandler,/players/c/chandty01.html,D. Cousins,/players/c/couside01.html,0
201302020HOU,https://www.basketball-reference.com/boxscores/pbp/201302020HOU.html,Houston Rockets,Charlotte Bobcats,HOU,CHA,Ö. Aşık,B. Biyombo,P. Patterson,HOU,CHA,P. Patterson,/players/p/pattepa01.html,HOU,CHA,Ö. Aşık,/players/a/asikom01.html,B. Biyombo,/players/b/biyombi01.html,1
201302020MIN,https://www.basketball-reference.com/boxscores/pbp/201302020MIN.html,Minnesota Timberwolves,New Orleans Hornets,MIN,NOH,N. Peković,R. Lopez,A. Kirilenko,MIN,NOH,A. Kirilenko,/players/k/kirilan01.html,MIN,NOH,N. Peković,/players/p/pekovni01.html,R. Lopez,/players/l/lopezro01.html,1
201302020MIL,https://www.basketball-reference.com/boxscores/pbp/201302020MIL.html,Milwaukee Bucks,Orlando Magic,MIL,ORL,L. Sanders,N. Vučević,M. Harkless,MIL,ORL,B. Jennings,/players/j/jennibr01.html,ORL,MIL,L. Sanders,/players/s/sandela01.html,N. Vučević,/players/v/vucevni01.html,0
201302020SAS,https://www.basketball-reference.com/boxscores/pbp/201302020SAS.html,San Antonio Spurs,Washington Wizards,SAS,WAS,T. Duncan,E. Okafor,D. Green,SAS,WAS,D. Green,/players/g/greenda02.html,SAS,WAS,T. Duncan,/players/d/duncati01.html,E. Okafor,/players/o/okafoem01.html,1
201302020POR,https://www.basketball-reference.com/boxscores/pbp/201302020POR.html,Portland Trail Blazers,Utah Jazz,POR,UTA,J. Hickson,A. Jefferson,A. Jefferson,UTA,POR,P. Millsap,/players/m/millspa01.html,UTA,POR,A. Jefferson,/players/j/jeffeal01.html,J. Hickson,/players/h/hicksjj01.html,1
201302020GSW,https://www.basketball-reference.com/boxscores/pbp/201302020GSW.html,Golden State Warriors,Phoenix Suns,GSW,PHO,A. Bogut,M. Gortat,A. Bogut,GSW,PHO,S. Curry,/players/c/curryst01.html,GSW,PHO,A. Bogut,/players/b/bogutan01.html,M. Gortat,/players/g/gortama01.html,1
201302030BOS,https://www.basketball-reference.com/boxscores/pbp/201302030BOS.html,Boston Celtics,Los Angeles Clippers,BOS,LAC,K. Garnett,D. Jordan,C. Butler,LAC,BOS,E. Bledsoe,/players/b/bledser01.html,LAC,BOS,D. Jordan,/players/j/jordade01.html,K. Garnett,/players/g/garneke01.html,1
201302030DET,https://www.basketball-reference.com/boxscores/pbp/201302030DET.html,Detroit Pistons,Los Angeles Lakers,DET,LAL,G. Monroe,P. Gasol,P. Gasol,LAL,DET,S. Nash,/players/n/nashst01.html,LAL,DET,P. Gasol,/players/g/gasolpa01.html,G. Monroe,/players/m/monrogr01.html,1
201302030TOR,https://www.basketball-reference.com/boxscores/pbp/201302030TOR.html,Toronto Raptors,Miami Heat,TOR,MIA,A. Johnson,C. Bosh,C. Bosh,MIA,TOR,U. Haslem,/players/h/hasleud01.html,MIA,TOR,C. Bosh,/players/b/boshch01.html,A. Johnson,/players/j/johnsam01.html,1
201302040IND,https://www.basketball-reference.com/boxscores/pbp/201302040IND.html,Indiana Pacers,Chicago Bulls,IND,CHI,R. Hibbert,T. Gibson,D. West,IND,CHI,G. Hill,/players/h/hillge01.html,IND,CHI,R. Hibbert,/players/h/hibbero01.html,T. Gibson,/players/g/gibsota01.html,1
201302040PHI,https://www.basketball-reference.com/boxscores/pbp/201302040PHI.html,Philadelphia 76ers,Orlando Magic,PHI,ORL,S. Hawes,N. Vučević,J. Holiday,PHI,ORL,T. Young,/players/y/youngth01.html,PHI,ORL,S. Hawes,/players/h/hawessp01.html,N. Vučević,/players/v/vucevni01.html,1
201302040WAS,https://www.basketball-reference.com/boxscores/pbp/201302040WAS.html,Washington Wizards,Los Angeles Clippers,WAS,LAC,E. Okafor,D. Jordan,C. Butler,LAC,WAS,E. Bledsoe,/players/b/bledser01.html,LAC,WAS,D. Jordan,/players/j/jordade01.html,E. Okafor,/players/o/okafoem01.html,1
201302040MIA,https://www.basketball-reference.com/boxscores/pbp/201302040MIA.html,Miami Heat,Charlotte Bobcats,MIA,CHA,C. Bosh,B. Biyombo,J. Adrien,CHA,MIA,J. Taylor,/players/t/tayloje03.html,CHA,MIA,B. Biyombo,/players/b/biyombi01.html,C. Bosh,/players/b/boshch01.html,1
201302040NYK,https://www.basketball-reference.com/boxscores/pbp/201302040NYK.html,New York Knicks,Detroit Pistons,NYK,DET,T. Chandler,G. Monroe,C. Anthony,NYK,DET,R. Felton,/players/f/feltora01.html,NYK,DET,T. Chandler,/players/c/chandty01.html,G. Monroe,/players/m/monrogr01.html,1
201302040MIN,https://www.basketball-reference.com/boxscores/pbp/201302040MIN.html,Minnesota Timberwolves,Portland Trail Blazers,MIN,POR,N. Peković,J. Hickson,L. Aldridge,MIN,POR,R. Rubio,/players/r/rubiori01.html,POR,MIN,N. Peković,/players/p/pekovni01.html,J. Hickson,/players/h/hicksjj01.html,0
201302040OKC,https://www.basketball-reference.com/boxscores/pbp/201302040OKC.html,Oklahoma City Thunder,Dallas Mavericks,OKC,DAL,S. Ibaka,B. James,B. James,OKC,DAL,K. Perkins,/players/p/perkike01.html,DAL,OKC,S. Ibaka,/players/i/ibakase01.html,B. James,/players/j/jamesbe01.html,0
201302040UTA,https://www.basketball-reference.com/boxscores/pbp/201302040UTA.html,Utah Jazz,Sacramento Kings,UTA,SAC,A. Jefferson,J. Thompson,A. Jefferson,UTA,SAC,P. Millsap,/players/m/millspa01.html,UTA,SAC,A. Jefferson,/players/j/jeffeal01.html,J. Thompson,/players/t/thompja02.html,1
201302050IND,https://www.basketball-reference.com/boxscores/pbp/201302050IND.html,Indiana Pacers,Atlanta Hawks,IND,ATL,R. Hibbert,J. Smith,A. Horford,ATL,IND,A. Horford,/players/h/horfoal01.html,ATL,IND,J. Smith,/players/s/smithjo03.html,R. Hibbert,/players/h/hibbero01.html,1
201302050BRK,https://www.basketball-reference.com/boxscores/pbp/201302050BRK.html,Brooklyn Nets,Los Angeles Lakers,BRK,LAL,B. Lopez,P. Gasol,P. Gasol,BRK,LAL,D. Williams,/players/w/willide01.html,LAL,BRK,B. Lopez,/players/l/lopezbr01.html,P. Gasol,/players/g/gasolpa01.html,0
201302050HOU,https://www.basketball-reference.com/boxscores/pbp/201302050HOU.html,Houston Rockets,Golden State Warriors,HOU,GSW,Ö. Aşık,A. Bogut,D. Lee,HOU,GSW,J. Lin,/players/l/linje01.html,GSW,HOU,Ö. Aşık,/players/a/asikom01.html,A. Bogut,/players/b/bogutan01.html,0
201302050MEM,https://www.basketball-reference.com/boxscores/pbp/201302050MEM.html,Memphis Grizzlies,Phoenix Suns,MEM,PHO,M. Gasol,M. Gortat,M. Gortat,PHO,MEM,G. Dragić,/players/d/dragigo01.html,PHO,MEM,M. Gortat,/players/g/gortama01.html,M. Gasol,/players/g/gasolma01.html,1
201302050DEN,https://www.basketball-reference.com/boxscores/pbp/201302050DEN.html,Denver Nuggets,Milwaukee Bucks,DEN,MIL,K. Koufos,L. Sanders,L. Mbah a Moute,MIL,DEN,B. Jennings,/players/j/jennibr01.html,MIL,DEN,L. Sanders,/players/s/sandela01.html,K. Koufos,/players/k/koufoko01.html,1
201302060CLE,https://www.basketball-reference.com/boxscores/pbp/201302060CLE.html,Cleveland Cavaliers,Charlotte Bobcats,CLE,CHA,T. Zeller,B. Biyombo,K. Irving,CLE,CHA,T. Thompson,/players/t/thomptr01.html,CLE,CHA,T. Zeller,/players/z/zellety01.html,B. Biyombo,/players/b/biyombi01.html,1
201302060ORL,https://www.basketball-reference.com/boxscores/pbp/201302060ORL.html,Orlando Magic,Los Angeles Clippers,ORL,LAC,N. Vučević,D. Jordan,A. Nicholson,LAC,ORL,W. Green,/players/g/greenwi01.html,ORL,LAC,D. Jordan,/players/j/jordade01.html,N. Vučević,/players/v/vucevni01.html,0
201302060PHI,https://www.basketball-reference.com/boxscores/pbp/201302060PHI.html,Philadelphia 76ers,Indiana Pacers,PHI,IND,S. Hawes,R. Hibbert,R. Hibbert,PHI,IND,K. Brown,/players/b/brownkw01.html,IND,PHI,S. Hawes,/players/h/hawessp01.html,R. Hibbert,/players/h/hibbero01.html,0
201302060TOR,https://www.basketball-reference.com/boxscores/pbp/201302060TOR.html,Toronto Raptors,Boston Celtics,TOR,BOS,A. Johnson,K. Garnett,K. Garnett,TOR,BOS,D. DeRozan,/players/d/derozde01.html,BOS,TOR,A. Johnson,/players/j/johnsam01.html,K. Garnett,/players/g/garneke01.html,0
201302060WAS,https://www.basketball-reference.com/boxscores/pbp/201302060WAS.html,Washington Wizards,New York Knicks,WAS,NYK,E. Okafor,T. Chandler,E. Okafor,WAS,NYK,J. Wall,/players/w/walljo01.html,WAS,NYK,E. Okafor,/players/o/okafoem01.html,T. Chandler,/players/c/chandty01.html,1
201302060ATL,https://www.basketball-reference.com/boxscores/pbp/201302060ATL.html,Atlanta Hawks,Memphis Grizzlies,ATL,MEM,J. Smith,M. Gasol,K. Korver,MEM,ATL,M. Conley,/players/c/conlemi01.html,ATL,MEM,M. Gasol,/players/g/gasolma01.html,J. Smith,/players/s/smithjo03.html,0
201302060DET,https://www.basketball-reference.com/boxscores/pbp/201302060DET.html,Detroit Pistons,Brooklyn Nets,DET,BRK,G. Monroe,B. Lopez,K. Singler,BRK,DET,D. Williams,/players/w/willide01.html,DET,BRK,B. Lopez,/players/l/lopezbr01.html,G. Monroe,/players/m/monrogr01.html,0
201302060MIA,https://www.basketball-reference.com/boxscores/pbp/201302060MIA.html,Miami Heat,Houston Rockets,MIA,HOU,S. Battier,Ö. Aşık,D. Wade,HOU,MIA,J. Lin,/players/l/linje01.html,MIA,HOU,Ö. Aşık,/players/a/asikom01.html,S. Battier,/players/b/battish01.html,0
201302060NOH,https://www.basketball-reference.com/boxscores/pbp/201302060NOH.html,New Orleans Hornets,Phoenix Suns,NOH,PHO,R. Lopez,M. Gortat,L. Scola,PHO,NOH,G. Dragić,/players/d/dragigo01.html,PHO,NOH,M. Gortat,/players/g/gortama01.html,R. Lopez,/players/l/lopezro01.html,1
201302060OKC,https://www.basketball-reference.com/boxscores/pbp/201302060OKC.html,Oklahoma City Thunder,Golden State Warriors,OKC,GSW,S. Ibaka,A. Biedriņš,S. Curry,GSW,OKC,S. Curry,/players/c/curryst01.html,GSW,OKC,A. Biedriņš,/players/b/biedran01.html,S. Ibaka,/players/i/ibakase01.html,1
201302060DAL,https://www.basketball-reference.com/boxscores/pbp/201302060DAL.html,Dallas Mavericks,Portland Trail Blazers,DAL,POR,B. James,L. Aldridge,J. Hickson,DAL,POR,D. Nowitzki,/players/n/nowitdi01.html,POR,DAL,B. James,/players/j/jamesbe01.html,L. Aldridge,/players/a/aldrila01.html,0
201302060MIN,https://www.basketball-reference.com/boxscores/pbp/201302060MIN.html,Minnesota Timberwolves,San Antonio Spurs,MIN,SAS,N. Peković,T. Splitter,L. Ridnour,MIN,SAS,D. Williams,/players/w/willide02.html,MIN,SAS,N. Peković,/players/p/pekovni01.html,T. Splitter,/players/s/splitti01.html,1
201302060UTA,https://www.basketball-reference.com/boxscores/pbp/201302060UTA.html,Utah Jazz,Milwaukee Bucks,UTA,MIL,A. Jefferson,S. Dalembert,E. İlyasova,MIL,UTA,M. Daniels,/players/d/daniema01.html,MIL,UTA,S. Dalembert,/players/d/dalemsa01.html,A. Jefferson,/players/j/jeffeal01.html,1
201302070BOS,https://www.basketball-reference.com/boxscores/pbp/201302070BOS.html,Boston Celtics,Los Angeles Lakers,BOS,LAL,K. Garnett,D. Howard,P. Pierce,BOS,LAL,C. Lee,/players/l/leeco01.html,BOS,LAL,K. Garnett,/players/g/garneke01.html,D. Howard,/players/h/howardw01.html,1
201302070DEN,https://www.basketball-reference.com/boxscores/pbp/201302070DEN.html,Denver Nuggets,Chicago Bulls,DEN,CHI,K. Koufos,J. Noah,K. Faried,DEN,CHI,T. Lawson,/players/l/lawsoty01.html,DEN,CHI,K. Koufos,/players/k/koufoko01.html,J. Noah,/players/n/noahjo01.html,1
201302080CHA,https://www.basketball-reference.com/boxscores/pbp/201302080CHA.html,Charlotte Bobcats,Los Angeles Lakers,CHA,LAL,B. Biyombo,D. Howard,D. Howard,LAL,CHA,E. Clark,/players/c/clarkea01.html,LAL,CHA,D. Howard,/players/h/howardw01.html,B. Biyombo,/players/b/biyombi01.html,1
201302080IND,https://www.basketball-reference.com/boxscores/pbp/201302080IND.html,Indiana Pacers,Toronto Raptors,IND,TOR,R. Hibbert,A. Johnson,D. DeRozan,IND,TOR,D. West,/players/w/westda01.html,TOR,IND,R. Hibbert,/players/h/hibbero01.html,A. Johnson,/players/j/johnsam01.html,0
201302080WAS,https://www.basketball-reference.com/boxscores/pbp/201302080WAS.html,Washington Wizards,Brooklyn Nets,WAS,BRK,E. Okafor,B. Lopez,E. Okafor,BRK,WAS,D. Williams,/players/w/willide01.html,WAS,BRK,B. Lopez,/players/l/lopezbr01.html,E. Okafor,/players/o/okafoem01.html,0
201302080ATL,https://www.basketball-reference.com/boxscores/pbp/201302080ATL.html,Atlanta Hawks,New Orleans Hornets,ATL,NOH,J. Smith,R. Lopez,A. Davis,NOH,ATL,E. Gordon,/players/g/gordoer01.html,NOH,ATL,R. Lopez,/players/l/lopezro01.html,J. Smith,/players/s/smithjo03.html,1
201302080CLE,https://www.basketball-reference.com/boxscores/pbp/201302080CLE.html,Cleveland Cavaliers,Orlando Magic,CLE,ORL,T. Zeller,N. Vučević,D. Waiters,CLE,ORL,T. Thompson,/players/t/thomptr01.html,CLE,ORL,T. Zeller,/players/z/zellety01.html,N. Vučević,/players/v/vucevni01.html,1
201302080DET,https://www.basketball-reference.com/boxscores/pbp/201302080DET.html,Detroit Pistons,San Antonio Spurs,DET,SAS,G. Monroe,T. Splitter,D. Green,DET,SAS,J. Calderón,/players/c/caldejo01.html,SAS,DET,G. Monroe,/players/m/monrogr01.html,T. Splitter,/players/s/splitti01.html,0
201302080HOU,https://www.basketball-reference.com/boxscores/pbp/201302080HOU.html,Houston Rockets,Portland Trail Blazers,HOU,POR,Ö. Aşık,J. Hickson,Ö. Aşık,HOU,POR,J. Lin,/players/l/linje01.html,HOU,POR,Ö. Aşık,/players/a/asikom01.html,J. Hickson,/players/h/hicksjj01.html,1
201302080MEM,https://www.basketball-reference.com/boxscores/pbp/201302080MEM.html,Memphis Grizzlies,Golden State Warriors,MEM,GSW,M. Gasol,A. Bogut,T. Allen,MEM,GSW,M. Conley,/players/c/conlemi01.html,MEM,GSW,M. Gasol,/players/g/gasolma01.html,A. Bogut,/players/b/bogutan01.html,1
201302080MIA,https://www.basketball-reference.com/boxscores/pbp/201302080MIA.html,Miami Heat,Los Angeles Clippers,MIA,LAC,S. Battier,D. Jordan,D. Jordan,LAC,MIA,C. Paul,/players/p/paulch01.html,LAC,MIA,D. Jordan,/players/j/jordade01.html,S. Battier,/players/b/battish01.html,1
201302080MIN,https://www.basketball-reference.com/boxscores/pbp/201302080MIN.html,Minnesota Timberwolves,New York Knicks,MIN,NYK,N. Peković,T. Chandler,C. Anthony,NYK,MIN,C. Anthony,/players/a/anthoca01.html,NYK,MIN,T. Chandler,/players/c/chandty01.html,N. Peković,/players/p/pekovni01.html,1
201302080OKC,https://www.basketball-reference.com/boxscores/pbp/201302080OKC.html,Oklahoma City Thunder,Phoenix Suns,OKC,PHO,S. Ibaka,M. Gortat,R. Westbrook,PHO,OKC,P. Tucker,/players/t/tuckepj01.html,OKC,PHO,M. Gortat,/players/g/gortama01.html,S. Ibaka,/players/i/ibakase01.html,0
201302080UTA,https://www.basketball-reference.com/boxscores/pbp/201302080UTA.html,Utah Jazz,Chicago Bulls,UTA,CHI,A. Jefferson,J. Noah,L. Deng,CHI,UTA,N. Robinson,/players/r/robinna01.html,CHI,UTA,J. Noah,/players/n/noahjo01.html,A. Jefferson,/players/j/jeffeal01.html,1
201302090CLE,https://www.basketball-reference.com/boxscores/pbp/201302090CLE.html,Cleveland Cavaliers,Denver Nuggets,CLE,DEN,T. Zeller,K. Koufos,K. Koufos,DEN,CLE,T. Lawson,/players/l/lawsoty01.html,DEN,CLE,K. Koufos,/players/k/koufoko01.html,T. Zeller,/players/z/zellety01.html,1
201302090PHI,https://www.basketball-reference.com/boxscores/pbp/201302090PHI.html,Philadelphia 76ers,Charlotte Bobcats,PHI,CHA,S. Hawes,B. Biyombo,N. Young,CHA,PHI,B. Mullens,/players/m/mulleby01.html,PHI,CHA,B. Biyombo,/players/b/biyombi01.html,S. Hawes,/players/h/hawessp01.html,0
201302090DAL,https://www.basketball-reference.com/boxscores/pbp/201302090DAL.html,Dallas Mavericks,Golden State Warriors,DAL,GSW,B. James,A. Biedriņš,S. Curry,GSW,DAL,D. Lee,/players/l/leeda02.html,GSW,DAL,A. Biedriņš,/players/b/biedran01.html,B. James,/players/j/jamesbe01.html,1
201302090MIL,https://www.basketball-reference.com/boxscores/pbp/201302090MIL.html,Milwaukee Bucks,Detroit Pistons,MIL,DET,S. Dalembert,G. Monroe,B. Jennings,MIL,DET,E. İlyasova,/players/i/ilyaser01.html,MIL,DET,S. Dalembert,/players/d/dalemsa01.html,G. Monroe,/players/m/monrogr01.html,1
201302090SAC,https://www.basketball-reference.com/boxscores/pbp/201302090SAC.html,Sacramento Kings,Utah Jazz,SAC,UTA,J. Thompson,A. Jefferson,J. Tinsley,UTA,SAC,P. Millsap,/players/m/millspa01.html,UTA,SAC,A. Jefferson,/players/j/jeffeal01.html,J. Thompson,/players/t/thompja02.html,1
201302100NYK,https://www.basketball-reference.com/boxscores/pbp/201302100NYK.html,New York Knicks,Los Angeles Clippers,NYK,LAC,T. Chandler,D. Jordan,C. Anthony,NYK,LAC,R. Felton,/players/f/feltora01.html,NYK,LAC,T. Chandler,/players/c/chandty01.html,D. Jordan,/players/j/jordade01.html,1
201302100MIA,https://www.basketball-reference.com/boxscores/pbp/201302100MIA.html,Miami Heat,Los Angeles Lakers,MIA,LAL,C. Bosh,D. Howard,U. Haslem,MIA,LAL,M. Chalmers,/players/c/chalmma01.html,MIA,LAL,C. Bosh,/players/b/boshch01.html,D. Howard,/players/h/howardw01.html,1
201302100BOS,https://www.basketball-reference.com/boxscores/pbp/201302100BOS.html,Boston Celtics,Denver Nuggets,BOS,DEN,K. Garnett,K. Koufos,P. Pierce,BOS,DEN,A. Bradley,/players/b/bradlav01.html,BOS,DEN,K. Garnett,/players/g/garneke01.html,K. Koufos,/players/k/koufoko01.html,1
201302100MEM,https://www.basketball-reference.com/boxscores/pbp/201302100MEM.html,Memphis Grizzlies,Minnesota Timberwolves,MEM,MIN,M. Gasol,N. Peković,M. Conley,MEM,MIN,M. Conley,/players/c/conlemi01.html,MEM,MIN,M. Gasol,/players/g/gasolma01.html,N. Peković,/players/p/pekovni01.html,1
201302100ORL,https://www.basketball-reference.com/boxscores/pbp/201302100ORL.html,Orlando Magic,Portland Trail Blazers,ORL,POR,N. Vučević,J. Hickson,J. Hickson,POR,ORL,L. Aldridge,/players/a/aldrila01.html,POR,ORL,J. Hickson,/players/h/hicksjj01.html,N. Vučević,/players/v/vucevni01.html,1
201302100TOR,https://www.basketball-reference.com/boxscores/pbp/201302100TOR.html,Toronto Raptors,New Orleans Hornets,TOR,NOH,J. Valančiūnas,R. Lopez,A. Johnson,TOR,NOH,K. Lowry,/players/l/lowryky01.html,TOR,NOH,J. Valančiūnas,/players/v/valanjo01.html,R. Lopez,/players/l/lopezro01.html,1
201302100BRK,https://www.basketball-reference.com/boxscores/pbp/201302100BRK.html,Brooklyn Nets,San Antonio Spurs,BRK,SAS,B. Lopez,T. Splitter,T. Splitter,SAS,BRK,B. Diaw,/players/d/diawbo01.html,SAS,BRK,T. Splitter,/players/s/splitti01.html,B. Lopez,/players/l/lopezbr01.html,1
201302100PHO,https://www.basketball-reference.com/boxscores/pbp/201302100PHO.html,Phoenix Suns,Oklahoma City Thunder,PHO,OKC,M. Gortat,S. Ibaka,R. Westbrook,OKC,PHO,K. Durant,/players/d/duranke01.html,OKC,PHO,S. Ibaka,/players/i/ibakase01.html,M. Gortat,/players/g/gortama01.html,1
201302100SAC,https://www.basketball-reference.com/boxscores/pbp/201302100SAC.html,Sacramento Kings,Houston Rockets,SAC,HOU,J. Thompson,Ö. Aşık,D. Cousins,SAC,HOU,P. Patterson,/players/p/pattepa01.html,SAC,HOU,J. Thompson,/players/t/thompja02.html,Ö. Aşık,/players/a/asikom01.html,1
201302110CHA,https://www.basketball-reference.com/boxscores/pbp/201302110CHA.html,Charlotte Bobcats,Boston Celtics,CHA,BOS,B. Biyombo,K. Garnett,P. Pierce,BOS,CHA,B. Bass,/players/b/bassbr01.html,BOS,CHA,K. Garnett,/players/g/garneke01.html,B. Biyombo,/players/b/biyombi01.html,1
201302110CLE,https://www.basketball-reference.com/boxscores/pbp/201302110CLE.html,Cleveland Cavaliers,Minnesota Timberwolves,CLE,MIN,T. Zeller,N. Peković,A. Gee,MIN,CLE,R. Rubio,/players/r/rubiori01.html,CLE,MIN,N. Peković,/players/p/pekovni01.html,T. Zeller,/players/z/zellety01.html,0
201302110IND,https://www.basketball-reference.com/boxscores/pbp/201302110IND.html,Indiana Pacers,Brooklyn Nets,IND,BRK,R. Hibbert,B. Lopez,J. Johnson,BRK,IND,C. Watson,/players/w/watsocj01.html,BRK,IND,B. Lopez,/players/l/lopezbr01.html,R. Hibbert,/players/h/hibbero01.html,1
201302110PHI,https://www.basketball-reference.com/boxscores/pbp/201302110PHI.html,Philadelphia 76ers,Los Angeles Clippers,PHI,LAC,S. Hawes,D. Jordan,C. Paul,LAC,PHI,C. Paul,/players/p/paulch01.html,LAC,PHI,D. Jordan,/players/j/jordade01.html,S. Hawes,/players/h/hawessp01.html,1
201302110DET,https://www.basketball-reference.com/boxscores/pbp/201302110DET.html,Detroit Pistons,New Orleans Hornets,DET,NOH,G. Monroe,R. Lopez,J. Maxiell,DET,NOH,J. Maxiell,/players/m/maxieja01.html,DET,NOH,G. Monroe,/players/m/monrogr01.html,R. Lopez,/players/l/lopezro01.html,1
201302110CHI,https://www.basketball-reference.com/boxscores/pbp/201302110CHI.html,Chicago Bulls,San Antonio Spurs,CHI,SAS,J. Noah,T. Splitter,K. Leonard,CHI,SAS,L. Deng,/players/d/denglu01.html,SAS,CHI,J. Noah,/players/n/noahjo01.html,T. Splitter,/players/s/splitti01.html,0
201302110MIL,https://www.basketball-reference.com/boxscores/pbp/201302110MIL.html,Milwaukee Bucks,Washington Wizards,MIL,WAS,S. Dalembert,E. Okafor,S. Dalembert,WAS,MIL,N. Hilário,/players/h/hilarne01.html,MIL,WAS,E. Okafor,/players/o/okafoem01.html,S. Dalembert,/players/d/dalemsa01.html,0
201302110DAL,https://www.basketball-reference.com/boxscores/pbp/201302110DAL.html,Dallas Mavericks,Atlanta Hawks,DAL,ATL,B. James,J. Smith,A. Horford,DAL,ATL,D. Nowitzki,/players/n/nowitdi01.html,ATL,DAL,B. James,/players/j/jamesbe01.html,J. Smith,/players/s/smithjo03.html,0
201302120TOR,https://www.basketball-reference.com/boxscores/pbp/201302120TOR.html,Toronto Raptors,Denver Nuggets,TOR,DEN,J. Valančiūnas,K. Koufos,K. Faried,DEN,TOR,T. Lawson,/players/l/lawsoty01.html,DEN,TOR,K. Koufos,/players/k/koufoko01.html,J. Valančiūnas,/players/v/valanjo01.html,1
201302120MIA,https://www.basketball-reference.com/boxscores/pbp/201302120MIA.html,Miami Heat,Portland Trail Blazers,MIA,POR,C. Bosh,J. Hickson,C. Bosh,MIA,POR,L. James,/players/j/jamesle01.html,MIA,POR,C. Bosh,/players/b/boshch01.html,J. Hickson,/players/h/hicksjj01.html,1
201302120MEM,https://www.basketball-reference.com/boxscores/pbp/201302120MEM.html,Memphis Grizzlies,Sacramento Kings,MEM,SAC,M. Gasol,J. Thompson,T. Evans,MEM,SAC,Z. Randolph,/players/r/randoza01.html,SAC,MEM,M. Gasol,/players/g/gasolma01.html,J. Thompson,/players/t/thompja02.html,0
201302120UTA,https://www.basketball-reference.com/boxscores/pbp/201302120UTA.html,Utah Jazz,Oklahoma City Thunder,UTA,OKC,A. Jefferson,S. Ibaka,R. Westbrook,UTA,OKC,J. Tinsley,/players/t/tinslja01.html,OKC,UTA,A. Jefferson,/players/j/jeffeal01.html,S. Ibaka,/players/i/ibakase01.html,0
201302120GSW,https://www.basketball-reference.com/boxscores/pbp/201302120GSW.html,Golden State Warriors,Houston Rockets,GSW,HOU,A. Bogut,Ö. Aşık,P. Patterson,GSW,HOU,S. Curry,/players/c/curryst01.html,HOU,GSW,A. Bogut,/players/b/bogutan01.html,Ö. Aşık,/players/a/asikom01.html,0
201302120LAL,https://www.basketball-reference.com/boxscores/pbp/201302120LAL.html,Los Angeles Lakers,Phoenix Suns,LAL,PHO,D. Howard,M. Gortat,D. Howard,LAL,PHO,S. Nash,/players/n/nashst01.html,LAL,PHO,D. Howard,/players/h/howardw01.html,M. Gortat,/players/g/gortama01.html,1
201302130CLE,https://www.basketball-reference.com/boxscores/pbp/201302130CLE.html,Cleveland Cavaliers,San Antonio Spurs,CLE,SAS,T. Zeller,T. Duncan,K. Irving,CLE,SAS,K. Irving,/players/i/irvinky01.html,CLE,SAS,T. Zeller,/players/z/zellety01.html,T. Duncan,/players/d/duncati01.html,1
201302130IND,https://www.basketball-reference.com/boxscores/pbp/201302130IND.html,Indiana Pacers,Charlotte Bobcats,IND,CHA,R. Hibbert,B. Biyombo,P. George,CHA,IND,B. Mullens,/players/m/mulleby01.html,IND,CHA,B. Biyombo,/players/b/biyombi01.html,R. Hibbert,/players/h/hibbero01.html,0
201302130ORL,https://www.basketball-reference.com/boxscores/pbp/201302130ORL.html,Orlando Magic,Atlanta Hawks,ORL,ATL,N. Vučević,J. Smith,A. Afflalo,ATL,ORL,J. Teague,/players/t/teaguje01.html,ORL,ATL,J. Smith,/players/s/smithjo03.html,N. Vučević,/players/v/vucevni01.html,0
201302130BOS,https://www.basketball-reference.com/boxscores/pbp/201302130BOS.html,Boston Celtics,Chicago Bulls,BOS,CHI,K. Garnett,J. Noah,C. Lee,BOS,CHI,B. Bass,/players/b/bassbr01.html,BOS,CHI,K. Garnett,/players/g/garneke01.html,J. Noah,/players/n/noahjo01.html,1
201302130BRK,https://www.basketball-reference.com/boxscores/pbp/201302130BRK.html,Brooklyn Nets,Denver Nuggets,BRK,DEN,B. Lopez,K. Koufos,W. Chandler,DEN,BRK,C. Brewer,/players/b/breweco01.html,DEN,BRK,K. Koufos,/players/k/koufoko01.html,B. Lopez,/players/l/lopezbr01.html,1
201302130DET,https://www.basketball-reference.com/boxscores/pbp/201302130DET.html,Detroit Pistons,Washington Wizards,DET,WAS,G. Monroe,E. Okafor,G. Temple,WAS,DET,N. Hilário,/players/h/hilarne01.html,WAS,DET,E. Okafor,/players/o/okafoem01.html,G. Monroe,/players/m/monrogr01.html,1
201302130NYK,https://www.basketball-reference.com/boxscores/pbp/201302130NYK.html,New York Knicks,Toronto Raptors,NYK,TOR,T. Chandler,J. Valančiūnas,C. Anthony,NYK,TOR,R. Felton,/players/f/feltora01.html,NYK,TOR,T. Chandler,/players/c/chandty01.html,J. Valančiūnas,/players/v/valanjo01.html,1
201302130MIL,https://www.basketball-reference.com/boxscores/pbp/201302130MIL.html,Milwaukee Bucks,Philadelphia 76ers,MIL,PHI,S. Dalembert,S. Hawes,N. Young,MIL,PHI,L. Mbah a Moute,/players/m/mbahalu01.html,PHI,MIL,S. Dalembert,/players/d/dalemsa01.html,S. Hawes,/players/h/hawessp01.html,0
201302130MIN,https://www.basketball-reference.com/boxscores/pbp/201302130MIN.html,Minnesota Timberwolves,Utah Jazz,MIN,UTA,N. Peković,A. Jefferson,A. Jefferson,MIN,UTA,D. Williams,/players/w/willide02.html,UTA,MIN,N. Peković,/players/p/pekovni01.html,A. Jefferson,/players/j/jeffeal01.html,0
201302130NOH,https://www.basketball-reference.com/boxscores/pbp/201302130NOH.html,New Orleans Hornets,Portland Trail Blazers,NOH,POR,R. Lopez,J. Hickson,J. Hickson,POR,NOH,W. Matthews,/players/m/matthwe02.html,POR,NOH,J. Hickson,/players/h/hicksjj01.html,R. Lopez,/players/l/lopezro01.html,1
201302130DAL,https://www.basketball-reference.com/boxscores/pbp/201302130DAL.html,Dallas Mavericks,Sacramento Kings,DAL,SAC,B. James,J. Thompson,T. Evans,DAL,SAC,O. Mayo,/players/m/mayooj01.html,SAC,DAL,B. James,/players/j/jamesbe01.html,J. Thompson,/players/t/thompja02.html,0
201302130LAC,https://www.basketball-reference.com/boxscores/pbp/201302130LAC.html,Los Angeles Clippers,Houston Rockets,LAC,HOU,D. Jordan,Ö. Aşık,P. Patterson,HOU,LAC,P. Patterson,/players/p/pattepa01.html,HOU,LAC,Ö. Aşık,/players/a/asikom01.html,D. Jordan,/players/j/jordade01.html,1
201302140OKC,https://www.basketball-reference.com/boxscores/pbp/201302140OKC.html,Oklahoma City Thunder,Miami Heat,OKC,MIA,S. Ibaka,C. Bosh,D. Wade,MIA,OKC,L. James,/players/j/jamesle01.html,MIA,OKC,C. Bosh,/players/b/boshch01.html,S. Ibaka,/players/i/ibakase01.html,1
201302140LAL,https://www.basketball-reference.com/boxscores/pbp/201302140LAL.html,Los Angeles Lakers,Los Angeles Clippers,LAL,LAC,D. Howard,D. Jordan,B. Griffin,LAC,LAL,C. Paul,/players/p/paulch01.html,LAC,LAL,D. Jordan,/players/j/jordade01.html,D. Howard,/players/h/howardw01.html,1
201302190ORL,https://www.basketball-reference.com/boxscores/pbp/201302190ORL.html,Orlando Magic,Charlotte Bobcats,ORL,CHA,N. Vučević,B. Biyombo,G. Henderson,CHA,ORL,B. Mullens,/players/m/mulleby01.html,CHA,ORL,B. Biyombo,/players/b/biyombi01.html,N. Vučević,/players/v/vucevni01.html,1
201302190WAS,https://www.basketball-reference.com/boxscores/pbp/201302190WAS.html,Washington Wizards,Toronto Raptors,WAS,TOR,E. Okafor,J. Valančiūnas,E. Okafor,WAS,TOR,J. Wall,/players/w/walljo01.html,WAS,TOR,E. Okafor,/players/o/okafoem01.html,J. Valančiūnas,/players/v/valanjo01.html,1
201302190BRK,https://www.basketball-reference.com/boxscores/pbp/201302190BRK.html,Brooklyn Nets,Milwaukee Bucks,BRK,MIL,B. Lopez,L. Sanders,B. Lopez,BRK,MIL,D. Williams,/players/w/willide01.html,BRK,MIL,B. Lopez,/players/l/lopezbr01.html,L. Sanders,/players/s/sandela01.html,1
201302190DET,https://www.basketball-reference.com/boxscores/pbp/201302190DET.html,Detroit Pistons,Memphis Grizzlies,DET,MEM,G. Monroe,M. Gasol,K. Singler,DET,MEM,J. Calderón,/players/c/caldejo01.html,DET,MEM,G. Monroe,/players/m/monrogr01.html,M. Gasol,/players/g/gasolma01.html,1
201302190NOH,https://www.basketball-reference.com/boxscores/pbp/201302190NOH.html,New Orleans Hornets,Chicago Bulls,NOH,CHI,R. Lopez,J. Noah,L. Deng,NOH,CHI,G. Vásquez,/players/v/vasqugr01.html,CHI,NOH,R. Lopez,/players/l/lopezro01.html,J. Noah,/players/n/noahjo01.html,0
201302190DEN,https://www.basketball-reference.com/boxscores/pbp/201302190DEN.html,Denver Nuggets,Boston Celtics,DEN,BOS,K. Koufos,K. Garnett,A. Bradley,BOS,DEN,B. Bass,/players/b/bassbr01.html,BOS,DEN,K. Garnett,/players/g/garneke01.html,K. Koufos,/players/k/koufoko01.html,1
201302190UTA,https://www.basketball-reference.com/boxscores/pbp/201302190UTA.html,Utah Jazz,Golden State Warriors,UTA,GSW,A. Jefferson,A. Bogut,A. Jefferson,UTA,GSW,P. Millsap,/players/m/millspa01.html,UTA,GSW,A. Jefferson,/players/j/jeffeal01.html,A. Bogut,/players/b/bogutan01.html,1
201302190POR,https://www.basketball-reference.com/boxscores/pbp/201302190POR.html,Portland Trail Blazers,Phoenix Suns,POR,PHO,J. Hickson,M. Gortat,P. Tucker,POR,PHO,N. Batum,/players/b/batumni01.html,PHO,POR,J. Hickson,/players/h/hicksjj01.html,M. Gortat,/players/g/gortama01.html,0
201302190SAC,https://www.basketball-reference.com/boxscores/pbp/201302190SAC.html,Sacramento Kings,San Antonio Spurs,SAC,SAS,J. Thompson,T. Duncan,T. Splitter,SAS,SAC,T. Parker,/players/p/parketo01.html,SAS,SAC,T. Duncan,/players/d/duncati01.html,J. Thompson,/players/t/thompja02.html,1
201302200CHA,https://www.basketball-reference.com/boxscores/pbp/201302200CHA.html,Charlotte Bobcats,Detroit Pistons,CHA,DET,B. Biyombo,G. Monroe,K. Singler,DET,CHA,J. Calderón,/players/c/caldejo01.html,DET,CHA,G. Monroe,/players/m/monrogr01.html,B. Biyombo,/players/b/biyombi01.html,1
201302200IND,https://www.basketball-reference.com/boxscores/pbp/201302200IND.html,Indiana Pacers,New York Knicks,IND,NYK,R. Hibbert,T. Chandler,R. Hibbert,IND,NYK,P. George,/players/g/georgpa01.html,IND,NYK,R. Hibbert,/players/h/hibbero01.html,T. Chandler,/players/c/chandty01.html,1
201302200TOR,https://www.basketball-reference.com/boxscores/pbp/201302200TOR.html,Toronto Raptors,Memphis Grizzlies,TOR,MEM,J. Valančiūnas,M. Gasol,A. Johnson,MEM,TOR,M. Conley,/players/c/conlemi01.html,TOR,MEM,M. Gasol,/players/g/gasolma01.html,J. Valančiūnas,/players/v/valanjo01.html,0
201302200ATL,https://www.basketball-reference.com/boxscores/pbp/201302200ATL.html,Atlanta Hawks,Miami Heat,ATL,MIA,J. Smith,C. Bosh,A. Horford,MIA,ATL,L. James,/players/j/jamesle01.html,ATL,MIA,C. Bosh,/players/b/boshch01.html,J. Smith,/players/s/smithjo03.html,0
201302200CLE,https://www.basketball-reference.com/boxscores/pbp/201302200CLE.html,Cleveland Cavaliers,New Orleans Hornets,CLE,NOH,T. Zeller,R. Lopez,A. Gee,CLE,NOH,T. Thompson,/players/t/thomptr01.html,CLE,NOH,T. Zeller,/players/z/zellety01.html,R. Lopez,/players/l/lopezro01.html,1
201302200HOU,https://www.basketball-reference.com/boxscores/pbp/201302200HOU.html,Houston Rockets,Oklahoma City Thunder,HOU,OKC,Ö. Aşık,H. Thabeet,T. Sefolosha,OKC,HOU,S. Ibaka,/players/i/ibakase01.html,OKC,HOU,H. Thabeet,/players/t/thabeha01.html,Ö. Aşık,/players/a/asikom01.html,1
201302200MIL,https://www.basketball-reference.com/boxscores/pbp/201302200MIL.html,Milwaukee Bucks,Brooklyn Nets,MIL,BRK,L. Sanders,B. Lopez,J. Johnson,BRK,MIL,D. Williams,/players/w/willide01.html,BRK,MIL,B. Lopez,/players/l/lopezbr01.html,L. Sanders,/players/s/sandela01.html,1
201302200MIN,https://www.basketball-reference.com/boxscores/pbp/201302200MIN.html,Minnesota Timberwolves,Philadelphia 76ers,MIN,PHI,N. Peković,S. Hawes,A. Kirilenko,MIN,PHI,R. Rubio,/players/r/rubiori01.html,MIN,PHI,N. Peković,/players/p/pekovni01.html,S. Hawes,/players/h/hawessp01.html,1
201302200DAL,https://www.basketball-reference.com/boxscores/pbp/201302200DAL.html,Dallas Mavericks,Orlando Magic,DAL,ORL,B. James,N. Vučević,S. Marion,DAL,ORL,D. Nowitzki,/players/n/nowitdi01.html,DAL,ORL,B. James,/players/j/jamesbe01.html,N. Vučević,/players/v/vucevni01.html,1
201302200GSW,https://www.basketball-reference.com/boxscores/pbp/201302200GSW.html,Golden State Warriors,Phoenix Suns,GSW,PHO,A. Bogut,M. Gortat,G. Dragić,PHO,GSW,G. Dragić,/players/d/dragigo01.html,PHO,GSW,M. Gortat,/players/g/gortama01.html,A. Bogut,/players/b/bogutan01.html,1
201302200LAL,https://www.basketball-reference.com/boxscores/pbp/201302200LAL.html,Los Angeles Lakers,Boston Celtics,LAL,BOS,D. Howard,K. Garnett,D. Howard,BOS,LAL,B. Bass,/players/b/bassbr01.html,LAL,BOS,K. Garnett,/players/g/garneke01.html,D. Howard,/players/h/howardw01.html,0
201302210CHI,https://www.basketball-reference.com/boxscores/pbp/201302210CHI.html,Chicago Bulls,Miami Heat,CHI,MIA,J. Noah,C. Bosh,C. Bosh,CHI,MIA,N. Robinson,/players/r/robinna01.html,MIA,CHI,J. Noah,/players/n/noahjo01.html,C. Bosh,/players/b/boshch01.html,0
201302210LAC,https://www.basketball-reference.com/boxscores/pbp/201302210LAC.html,Los Angeles Clippers,San Antonio Spurs,LAC,SAS,D. Jordan,T. Duncan,T. Splitter,SAS,LAC,G. Neal,/players/n/nealga01.html,SAS,LAC,T. Duncan,/players/d/duncati01.html,D. Jordan,/players/j/jordade01.html,1
201302220CHA,https://www.basketball-reference.com/boxscores/pbp/201302220CHA.html,Charlotte Bobcats,Chicago Bulls,CHA,CHI,B. Biyombo,J. Noah,B. Biyombo,CHA,CHI,B. Mullens,/players/m/mulleby01.html,CHA,CHI,B. Biyombo,/players/b/biyombi01.html,J. Noah,/players/n/noahjo01.html,1
201302220IND,https://www.basketball-reference.com/boxscores/pbp/201302220IND.html,Indiana Pacers,Detroit Pistons,IND,DET,R. Hibbert,G. Monroe,R. Hibbert,IND,DET,D. West,/players/w/westda01.html,IND,DET,R. Hibbert,/players/h/hibbero01.html,G. Monroe,/players/m/monrogr01.html,1
201302220TOR,https://www.basketball-reference.com/boxscores/pbp/201302220TOR.html,Toronto Raptors,New York Knicks,TOR,NYK,J. Valančiūnas,T. Chandler,C. Anthony,NYK,TOR,R. Felton,/players/f/feltora01.html,NYK,TOR,T. Chandler,/players/c/chandty01.html,J. Valančiūnas,/players/v/valanjo01.html,1
201302220WAS,https://www.basketball-reference.com/boxscores/pbp/201302220WAS.html,Washington Wizards,Denver Nuggets,WAS,DEN,E. Okafor,K. Koufos,N. Hilário,WAS,DEN,J. Wall,/players/w/walljo01.html,WAS,DEN,E. Okafor,/players/o/okafoem01.html,K. Koufos,/players/k/koufoko01.html,1
201302220ATL,https://www.basketball-reference.com/boxscores/pbp/201302220ATL.html,Atlanta Hawks,Sacramento Kings,ATL,SAC,Z. Pachulia,J. Thompson,J. Smith,ATL,SAC,J. Teague,/players/t/teaguje01.html,ATL,SAC,Z. Pachulia,/players/p/pachuza01.html,J. Thompson,/players/t/thompja02.html,1
201302220BRK,https://www.basketball-reference.com/boxscores/pbp/201302220BRK.html,Brooklyn Nets,Houston Rockets,BRK,HOU,B. Lopez,Ö. Aşık,G. Wallace,BRK,HOU,R. Evans,/players/e/evansre01.html,BRK,HOU,B. Lopez,/players/l/lopezbr01.html,Ö. Aşık,/players/a/asikom01.html,1
201302220MEM,https://www.basketball-reference.com/boxscores/pbp/201302220MEM.html,Memphis Grizzlies,Orlando Magic,MEM,ORL,M. Gasol,N. Vučević,A. Afflalo,MEM,ORL,Z. Randolph,/players/r/randoza01.html,ORL,MEM,M. Gasol,/players/g/gasolma01.html,N. Vučević,/players/v/vucevni01.html,0
201302220NOH,https://www.basketball-reference.com/boxscores/pbp/201302220NOH.html,New Orleans Hornets,Dallas Mavericks,NOH,DAL,R. Lopez,B. James,B. James,DAL,NOH,O. Mayo,/players/m/mayooj01.html,DAL,NOH,B. James,/players/j/jamesbe01.html,R. Lopez,/players/l/lopezro01.html,1
201302220OKC,https://www.basketball-reference.com/boxscores/pbp/201302220OKC.html,Oklahoma City Thunder,Minnesota Timberwolves,OKC,MIN,S. Ibaka,N. Peković,R. Westbrook,MIN,OKC,L. Ridnour,/players/r/ridnolu01.html,OKC,MIN,N. Peković,/players/p/pekovni01.html,S. Ibaka,/players/i/ibakase01.html,0
201302220PHO,https://www.basketball-reference.com/boxscores/pbp/201302220PHO.html,Phoenix Suns,Boston Celtics,PHO,BOS,M. Gortat,J. Green,C. Lee,BOS,PHO,P. Pierce,/players/p/piercpa01.html,BOS,PHO,J. Green,/players/g/greenje02.html,M. Gortat,/players/g/gortama01.html,1
201302220GSW,https://www.basketball-reference.com/boxscores/pbp/201302220GSW.html,Golden State Warriors,San Antonio Spurs,GSW,SAS,A. Biedriņš,T. Duncan,S. Curry,SAS,GSW,T. Parker,/players/p/parketo01.html,GSW,SAS,T. Duncan,/players/d/duncati01.html,A. Biedriņš,/players/b/biedran01.html,0
201302220LAL,https://www.basketball-reference.com/boxscores/pbp/201302220LAL.html,Los Angeles Lakers,Portland Trail Blazers,LAL,POR,D. Howard,J. Hickson,N. Batum,POR,LAL,W. Matthews,/players/m/matthwe02.html,POR,LAL,J. Hickson,/players/h/hicksjj01.html,D. Howard,/players/h/howardw01.html,1
201302230CHA,https://www.basketball-reference.com/boxscores/pbp/201302230CHA.html,Charlotte Bobcats,Denver Nuggets,CHA,DEN,B. Biyombo,K. Koufos,B. Biyombo,DEN,CHA,A. Iguodala,/players/i/iguodan01.html,CHA,DEN,K. Koufos,/players/k/koufoko01.html,B. Biyombo,/players/b/biyombi01.html,0
201302230ORL,https://www.basketball-reference.com/boxscores/pbp/201302230ORL.html,Orlando Magic,Cleveland Cavaliers,ORL,CLE,N. Vučević,T. Zeller,A. Afflalo,CLE,ORL,K. Irving,/players/i/irvinky01.html,ORL,CLE,T. Zeller,/players/z/zellety01.html,N. Vučević,/players/v/vucevni01.html,0
201302230WAS,https://www.basketball-reference.com/boxscores/pbp/201302230WAS.html,Washington Wizards,Houston Rockets,WAS,HOU,E. Okafor,Ö. Aşık,N. Hilário,HOU,WAS,J. Harden,/players/h/hardeja01.html,WAS,HOU,Ö. Aşık,/players/a/asikom01.html,E. Okafor,/players/o/okafoem01.html,0
201302230DET,https://www.basketball-reference.com/boxscores/pbp/201302230DET.html,Detroit Pistons,Indiana Pacers,DET,IND,G. Monroe,R. Hibbert,R. Hibbert,IND,DET,D. West,/players/w/westda01.html,IND,DET,R. Hibbert,/players/h/hibbero01.html,G. Monroe,/players/m/monrogr01.html,1
201302230PHI,https://www.basketball-reference.com/boxscores/pbp/201302230PHI.html,Philadelphia 76ers,Miami Heat,PHI,MIA,S. Hawes,C. Bosh,C. Bosh,MIA,PHI,L. James,/players/j/jamesle01.html,MIA,PHI,C. Bosh,/players/b/boshch01.html,S. Hawes,/players/h/hawessp01.html,1
201302230MIL,https://www.basketball-reference.com/boxscores/pbp/201302230MIL.html,Milwaukee Bucks,Atlanta Hawks,MIL,ATL,L. Sanders,J. Smith,J. Teague,MIL,ATL,L. Mbah a Moute,/players/m/mbahalu01.html,ATL,MIL,L. Sanders,/players/s/sandela01.html,J. Smith,/players/s/smithjo03.html,0
201302230LAC,https://www.basketball-reference.com/boxscores/pbp/201302230LAC.html,Los Angeles Clippers,Utah Jazz,LAC,UTA,D. Jordan,A. Jefferson,C. Butler,LAC,UTA,B. Griffin,/players/g/griffbl01.html,LAC,UTA,D. Jordan,/players/j/jordade01.html,A. Jefferson,/players/j/jeffeal01.html,1
201302240DAL,https://www.basketball-reference.com/boxscores/pbp/201302240DAL.html,Dallas Mavericks,Los Angeles Lakers,DAL,LAL,B. James,D. Howard,D. Howard,LAL,DAL,S. Nash,/players/n/nashst01.html,LAL,DAL,D. Howard,/players/h/howardw01.html,B. James,/players/j/jamesbe01.html,1
201302240MIN,https://www.basketball-reference.com/boxscores/pbp/201302240MIN.html,Minnesota Timberwolves,Golden State Warriors,MIN,GSW,N. Peković,A. Biedriņš,A. Kirilenko,MIN,GSW,A. Kirilenko,/players/k/kirilan01.html,MIN,GSW,N. Peković,/players/p/pekovni01.html,A. Biedriņš,/players/b/biedran01.html,1
201302240MIA,https://www.basketball-reference.com/boxscores/pbp/201302240MIA.html,Miami Heat,Cleveland Cavaliers,MIA,CLE,C. Bosh,T. Zeller,L. James,MIA,CLE,L. James,/players/j/jamesle01.html,MIA,CLE,C. Bosh,/players/b/boshch01.html,T. Zeller,/players/z/zellety01.html,1
201302240NOH,https://www.basketball-reference.com/boxscores/pbp/201302240NOH.html,New Orleans Hornets,Sacramento Kings,NOH,SAC,R. Lopez,J. Thompson,I. Thomas,SAC,NOH,T. Evans,/players/e/evansty01.html,SAC,NOH,J. Thompson,/players/t/thompja02.html,R. Lopez,/players/l/lopezro01.html,1
201302240BRK,https://www.basketball-reference.com/boxscores/pbp/201302240BRK.html,Brooklyn Nets,Memphis Grizzlies,BRK,MEM,B. Lopez,M. Gasol,M. Gasol,BRK,MEM,C. Watson,/players/w/watsocj01.html,MEM,BRK,B. Lopez,/players/l/lopezbr01.html,M. Gasol,/players/g/gasolma01.html,0
201302240NYK,https://www.basketball-reference.com/boxscores/pbp/201302240NYK.html,New York Knicks,Philadelphia 76ers,NYK,PHI,T. Chandler,S. Hawes,T. Chandler,PHI,NYK,J. Holiday,/players/h/holidjr01.html,NYK,PHI,S. Hawes,/players/h/hawessp01.html,T. Chandler,/players/c/chandty01.html,0
201302240PHO,https://www.basketball-reference.com/boxscores/pbp/201302240PHO.html,Phoenix Suns,San Antonio Spurs,PHO,SAS,M. Gortat,T. Duncan,T. Splitter,PHO,SAS,G. Dragić,/players/d/dragigo01.html,SAS,PHO,M. Gortat,/players/g/gortama01.html,T. Duncan,/players/d/duncati01.html,0
201302240POR,https://www.basketball-reference.com/boxscores/pbp/201302240POR.html,Portland Trail Blazers,Boston Celtics,POR,BOS,J. Hickson,K. Garnett,K. Garnett,BOS,POR,C. Lee,/players/l/leeco01.html,BOS,POR,K. Garnett,/players/g/garneke01.html,J. Hickson,/players/h/hicksjj01.html,1
201302240OKC,https://www.basketball-reference.com/boxscores/pbp/201302240OKC.html,Oklahoma City Thunder,Chicago Bulls,OKC,CHI,S. Ibaka,J. Noah,R. Westbrook,CHI,OKC,L. Deng,/players/d/denglu01.html,OKC,CHI,J. Noah,/players/n/noahjo01.html,S. Ibaka,/players/i/ibakase01.html,0
201302250TOR,https://www.basketball-reference.com/boxscores/pbp/201302250TOR.html,Toronto Raptors,Washington Wizards,TOR,WAS,A. Johnson,E. Okafor,M. Webster,WAS,TOR,J. Wall,/players/w/walljo01.html,WAS,TOR,E. Okafor,/players/o/okafoem01.html,A. Johnson,/players/j/johnsam01.html,1
201302250DET,https://www.basketball-reference.com/boxscores/pbp/201302250DET.html,Detroit Pistons,Atlanta Hawks,DET,ATL,G. Monroe,J. Smith,K. Singler,ATL,DET,J. Teague,/players/t/teaguje01.html,DET,ATL,J. Smith,/players/s/smithjo03.html,G. Monroe,/players/m/monrogr01.html,0
201302250DEN,https://www.basketball-reference.com/boxscores/pbp/201302250DEN.html,Denver Nuggets,Los Angeles Lakers,DEN,LAL,K. Koufos,D. Howard,M. World Peace,LAL,DEN,S. Nash,/players/n/nashst01.html,LAL,DEN,D. Howard,/players/h/howardw01.html,K. Koufos,/players/k/koufoko01.html,1
201302250UTA,https://www.basketball-reference.com/boxscores/pbp/201302250UTA.html,Utah Jazz,Boston Celtics,UTA,BOS,A. Jefferson,K. Garnett,P. Millsap,UTA,BOS,E. Watson,/players/w/watsoea01.html,UTA,BOS,A. Jefferson,/players/j/jeffeal01.html,K. Garnett,/players/g/garneke01.html,1
201302260IND,https://www.basketball-reference.com/boxscores/pbp/201302260IND.html,Indiana Pacers,Golden State Warriors,IND,GSW,R. Hibbert,A. Biedriņš,S. Curry,GSW,IND,S. Curry,/players/c/curryst01.html,GSW,IND,A. Biedriņš,/players/b/biedran01.html,R. Hibbert,/players/h/hibbero01.html,1
201302260PHI,https://www.basketball-reference.com/boxscores/pbp/201302260PHI.html,Philadelphia 76ers,Orlando Magic,PHI,ORL,S. Hawes,N. Vučević,M. Harkless,ORL,PHI,E. Moore,/players/m/mooreet01.html,ORL,PHI,N. Vučević,/players/v/vucevni01.html,S. Hawes,/players/h/hawessp01.html,1
201302260MIA,https://www.basketball-reference.com/boxscores/pbp/201302260MIA.html,Miami Heat,Sacramento Kings,MIA,SAC,C. Bosh,J. Thompson,U. Haslem,MIA,SAC,L. James,/players/j/jamesle01.html,MIA,SAC,C. Bosh,/players/b/boshch01.html,J. Thompson,/players/t/thompja02.html,1
201302260CHI,https://www.basketball-reference.com/boxscores/pbp/201302260CHI.html,Chicago Bulls,Cleveland Cavaliers,CHI,CLE,J. Noah,T. Zeller,C. Boozer,CHI,CLE,K. Hinrich,/players/h/hinriki01.html,CHI,CLE,J. Noah,/players/n/noahjo01.html,T. Zeller,/players/z/zellety01.html,1
201302260NOH,https://www.basketball-reference.com/boxscores/pbp/201302260NOH.html,New Orleans Hornets,Brooklyn Nets,NOH,BRK,R. Lopez,B. Lopez,G. Vásquez,NOH,BRK,A. Davis,/players/d/davisan02.html,NOH,BRK,R. Lopez,/players/l/lopezro01.html,B. Lopez,/players/l/lopezbr01.html,1
201302260DAL,https://www.basketball-reference.com/boxscores/pbp/201302260DAL.html,Dallas Mavericks,Milwaukee Bucks,DAL,MIL,B. James,L. Sanders,O. Mayo,DAL,MIL,D. Nowitzki,/players/n/nowitdi01.html,DAL,MIL,B. James,/players/j/jamesbe01.html,L. Sanders,/players/s/sandela01.html,1
201302260PHO,https://www.basketball-reference.com/boxscores/pbp/201302260PHO.html,Phoenix Suns,Minnesota Timberwolves,PHO,MIN,M. Gortat,N. Peković,R. Rubio,MIN,PHO,R. Rubio,/players/r/rubiori01.html,MIN,PHO,N. Peković,/players/p/pekovni01.html,M. Gortat,/players/g/gortama01.html,1
201302260LAC,https://www.basketball-reference.com/boxscores/pbp/201302260LAC.html,Los Angeles Clippers,Charlotte Bobcats,LAC,CHA,D. Jordan,B. Biyombo,D. Jordan,LAC,CHA,C. Billups,/players/b/billuch01.html,LAC,CHA,D. Jordan,/players/j/jordade01.html,B. Biyombo,/players/b/biyombi01.html,1
201302270CLE,https://www.basketball-reference.com/boxscores/pbp/201302270CLE.html,Cleveland Cavaliers,Toronto Raptors,CLE,TOR,T. Zeller,A. Johnson,D. Waiters,CLE,TOR,T. Thompson,/players/t/thomptr01.html,CLE,TOR,T. Zeller,/players/z/zellety01.html,A. Johnson,/players/j/johnsam01.html,1
201302270ORL,https://www.basketball-reference.com/boxscores/pbp/201302270ORL.html,Orlando Magic,Sacramento Kings,ORL,SAC,N. Vučević,J. Thompson,A. Nicholson,ORL,SAC,A. Nicholson,/players/n/nichoan01.html,ORL,SAC,N. Vučević,/players/v/vucevni01.html,J. Thompson,/players/t/thompja02.html,1
201302270WAS,https://www.basketball-reference.com/boxscores/pbp/201302270WAS.html,Washington Wizards,Detroit Pistons,WAS,DET,E. Okafor,G. Monroe,T. Booker,WAS,DET,B. Beal,/players/b/bealbr01.html,WAS,DET,E. Okafor,/players/o/okafoem01.html,G. Monroe,/players/m/monrogr01.html,1
201302270HOU,https://www.basketball-reference.com/boxscores/pbp/201302270HOU.html,Houston Rockets,Milwaukee Bucks,HOU,MIL,Ö. Aşık,L. Sanders,C. Parsons,HOU,MIL,J. Lin,/players/l/linje01.html,HOU,MIL,Ö. Aşık,/players/a/asikom01.html,L. Sanders,/players/s/sandela01.html,1
201302270MEM,https://www.basketball-reference.com/boxscores/pbp/201302270MEM.html,Memphis Grizzlies,Dallas Mavericks,MEM,DAL,M. Gasol,C. Kaman,O. Mayo,DAL,MEM,O. Mayo,/players/m/mayooj01.html,DAL,MEM,C. Kaman,/players/k/kamanch01.html,M. Gasol,/players/g/gasolma01.html,1
201302270NYK,https://www.basketball-reference.com/boxscores/pbp/201302270NYK.html,New York Knicks,Golden State Warriors,NYK,GSW,T. Chandler,A. Biedriņš,T. Chandler,GSW,NYK,S. Curry,/players/c/curryst01.html,NYK,GSW,A. Biedriņš,/players/b/biedran01.html,T. Chandler,/players/c/chandty01.html,0
201302270OKC,https://www.basketball-reference.com/boxscores/pbp/201302270OKC.html,Oklahoma City Thunder,New Orleans Hornets,OKC,NOH,S. Ibaka,R. Lopez,S. Ibaka,OKC,NOH,K. Durant,/players/d/duranke01.html,OKC,NOH,S. Ibaka,/players/i/ibakase01.html,R. Lopez,/players/l/lopezro01.html,1
201302270SAS,https://www.basketball-reference.com/boxscores/pbp/201302270SAS.html,San Antonio Spurs,Phoenix Suns,SAS,PHO,T. Duncan,M. Gortat,T. Parker,SAS,PHO,T. Parker,/players/p/parketo01.html,SAS,PHO,T. Duncan,/players/d/duncati01.html,M. Gortat,/players/g/gortama01.html,1
201302270UTA,https://www.basketball-reference.com/boxscores/pbp/201302270UTA.html,Utah Jazz,Atlanta Hawks,UTA,ATL,D. Favors,J. Smith,J. Teague,ATL,UTA,J. Teague,/players/t/teaguje01.html,ATL,UTA,J. Smith,/players/s/smithjo03.html,D. Favors,/players/f/favorde01.html,1
201302270POR,https://www.basketball-reference.com/boxscores/pbp/201302270POR.html,Portland Trail Blazers,Denver Nuggets,POR,DEN,J. Hickson,K. Koufos,D. Lillard,POR,DEN,L. Aldridge,/players/a/aldrila01.html,POR,DEN,J. Hickson,/players/h/hicksjj01.html,K. Koufos,/players/k/koufoko01.html,1
201302280IND,https://www.basketball-reference.com/boxscores/pbp/201302280IND.html,Indiana Pacers,Los Angeles Clippers,IND,LAC,I. Mahinmi,D. Jordan,B. Griffin,LAC,IND,C. Paul,/players/p/paulch01.html,LAC,IND,D. Jordan,/players/j/jordade01.html,I. Mahinmi,/players/m/mahinia01.html,1
201302280CHI,https://www.basketball-reference.com/boxscores/pbp/201302280CHI.html,Chicago Bulls,Philadelphia 76ers,CHI,PHI,J. Noah,S. Hawes,L. Deng,CHI,PHI,K. Hinrich,/players/h/hinriki01.html,CHI,PHI,J. Noah,/players/n/noahjo01.html,S. Hawes,/players/h/hawessp01.html,1
201302280LAL,https://www.basketball-reference.com/boxscores/pbp/201302280LAL.html,Los Angeles Lakers,Minnesota Timberwolves,LAL,MIN,D. Howard,N. Peković,M. World Peace,LAL,MIN,E. Clark,/players/c/clarkea01.html,LAL,MIN,D. Howard,/players/h/howardw01.html,N. Peković,/players/p/pekovni01.html,1
201303010TOR,https://www.basketball-reference.com/boxscores/pbp/201303010TOR.html,Toronto Raptors,Indiana Pacers,TOR,IND,A. Johnson,R. Hibbert,D. West,TOR,IND,K. Lowry,/players/l/lowryky01.html,IND,TOR,A. Johnson,/players/j/johnsam01.html,R. Hibbert,/players/h/hibbero01.html,0
201303010WAS,https://www.basketball-reference.com/boxscores/pbp/201303010WAS.html,Washington Wizards,New York Knicks,WAS,NYK,E. Okafor,T. Chandler,C. Anthony,NYK,WAS,R. Felton,/players/f/feltora01.html,NYK,WAS,T. Chandler,/players/c/chandty01.html,E. Okafor,/players/o/okafoem01.html,1
201303010BOS,https://www.basketball-reference.com/boxscores/pbp/201303010BOS.html,Boston Celtics,Golden State Warriors,BOS,GSW,K. Garnett,A. Biedriņš,H. Barnes,BOS,GSW,C. Lee,/players/l/leeco01.html,GSW,BOS,K. Garnett,/players/g/garneke01.html,A. Biedriņš,/players/b/biedran01.html,0
201303010CLE,https://www.basketball-reference.com/boxscores/pbp/201303010CLE.html,Cleveland Cavaliers,Los Angeles Clippers,CLE,LAC,T. Zeller,D. Jordan,B. Griffin,LAC,CLE,C. Paul,/players/p/paulch01.html,LAC,CLE,D. Jordan,/players/j/jordade01.html,T. Zeller,/players/z/zellety01.html,1
201303010BRK,https://www.basketball-reference.com/boxscores/pbp/201303010BRK.html,Brooklyn Nets,Dallas Mavericks,BRK,DAL,B. Lopez,C. Kaman,G. Wallace,BRK,DAL,D. Williams,/players/w/willide01.html,BRK,DAL,B. Lopez,/players/l/lopezbr01.html,C. Kaman,/players/k/kamanch01.html,1
201303010MIA,https://www.basketball-reference.com/boxscores/pbp/201303010MIA.html,Miami Heat,Memphis Grizzlies,MIA,MEM,C. Bosh,M. Gasol,Z. Randolph,MEM,MIA,M. Conley,/players/c/conlemi01.html,MEM,MIA,M. Gasol,/players/g/gasolma01.html,C. Bosh,/players/b/boshch01.html,1
201303010NOH,https://www.basketball-reference.com/boxscores/pbp/201303010NOH.html,New Orleans Hornets,Detroit Pistons,NOH,DET,R. Lopez,G. Monroe,B. Knight,DET,NOH,K. Singler,/players/s/singlky01.html,DET,NOH,G. Monroe,/players/m/monrogr01.html,R. Lopez,/players/l/lopezro01.html,1
201303010SAS,https://www.basketball-reference.com/boxscores/pbp/201303010SAS.html,San Antonio Spurs,Sacramento Kings,SAS,SAC,T. Duncan,J. Thompson,T. Duncan,SAS,SAC,T. Splitter,/players/s/splitti01.html,SAS,SAC,T. Duncan,/players/d/duncati01.html,J. Thompson,/players/t/thompja02.html,1
201303010PHO,https://www.basketball-reference.com/boxscores/pbp/201303010PHO.html,Phoenix Suns,Atlanta Hawks,PHO,ATL,M. Gortat,J. Smith,K. Korver,ATL,PHO,K. Korver,/players/k/korveky01.html,ATL,PHO,J. Smith,/players/s/smithjo03.html,M. Gortat,/players/g/gortama01.html,1
201303010UTA,https://www.basketball-reference.com/boxscores/pbp/201303010UTA.html,Utah Jazz,Charlotte Bobcats,UTA,CHA,D. Favors,B. Biyombo,B. Mullens,UTA,CHA,E. Kanter,/players/k/kanteen01.html,CHA,UTA,D. Favors,/players/f/favorde01.html,B. Biyombo,/players/b/biyombi01.html,0
201303010DEN,https://www.basketball-reference.com/boxscores/pbp/201303010DEN.html,Denver Nuggets,Oklahoma City Thunder,DEN,OKC,K. Koufos,S. Ibaka,S. Ibaka,DEN,OKC,D. Gallinari,/players/g/gallida01.html,OKC,DEN,K. Koufos,/players/k/koufoko01.html,S. Ibaka,/players/i/ibakase01.html,0
201303020PHI,https://www.basketball-reference.com/boxscores/pbp/201303020PHI.html,Philadelphia 76ers,Golden State Warriors,PHI,GSW,S. Hawes,F. Ezeli,H. Barnes,PHI,GSW,R. Ivey,/players/i/iveyro01.html,GSW,PHI,S. Hawes,/players/h/hawessp01.html,F. Ezeli,/players/e/ezelife01.html,0
201303020CHI,https://www.basketball-reference.com/boxscores/pbp/201303020CHI.html,Chicago Bulls,Brooklyn Nets,CHI,BRK,J. Noah,B. Lopez,C. Boozer,BRK,CHI,D. Williams,/players/w/willide01.html,CHI,BRK,B. Lopez,/players/l/lopezbr01.html,J. Noah,/players/n/noahjo01.html,0
201303020MIL,https://www.basketball-reference.com/boxscores/pbp/201303020MIL.html,Milwaukee Bucks,Toronto Raptors,MIL,TOR,L. Sanders,A. Johnson,A. Johnson,TOR,MIL,K. Lowry,/players/l/lowryky01.html,TOR,MIL,A. Johnson,/players/j/johnsam01.html,L. Sanders,/players/s/sandela01.html,1
201303020POR,https://www.basketball-reference.com/boxscores/pbp/201303020POR.html,Portland Trail Blazers,Minnesota Timberwolves,POR,MIN,J. Hickson,G. Stiemsma,J. Hickson,POR,MIN,D. Lillard,/players/l/lillada01.html,POR,MIN,J. Hickson,/players/h/hicksjj01.html,G. Stiemsma,/players/s/stiemgr01.html,1
201303030NYK,https://www.basketball-reference.com/boxscores/pbp/201303030NYK.html,New York Knicks,Miami Heat,NYK,MIA,T. Chandler,C. Bosh,C. Anthony,MIA,NYK,L. James,/players/j/jamesle01.html,NYK,MIA,C. Bosh,/players/b/boshch01.html,T. Chandler,/players/c/chandty01.html,0
201303030LAC,https://www.basketball-reference.com/boxscores/pbp/201303030LAC.html,Los Angeles Clippers,Oklahoma City Thunder,LAC,OKC,D. Jordan,S. Ibaka,R. Westbrook,OKC,LAC,K. Perkins,/players/p/perkike01.html,OKC,LAC,S. Ibaka,/players/i/ibakase01.html,D. Jordan,/players/j/jordade01.html,1
201303030ORL,https://www.basketball-reference.com/boxscores/pbp/201303030ORL.html,Orlando Magic,Memphis Grizzlies,ORL,MEM,N. Vučević,M. Gasol,T. Prince,MEM,ORL,D. Arthur,/players/a/arthuda01.html,MEM,ORL,M. Gasol,/players/g/gasolma01.html,N. Vučević,/players/v/vucevni01.html,1
201303030SAC,https://www.basketball-reference.com/boxscores/pbp/201303030SAC.html,Sacramento Kings,Charlotte Bobcats,SAC,CHA,J. Thompson,B. Biyombo,D. Cousins,SAC,CHA,D. Cousins,/players/c/couside01.html,SAC,CHA,J. Thompson,/players/t/thompja02.html,B. Biyombo,/players/b/biyombi01.html,1
201303030WAS,https://www.basketball-reference.com/boxscores/pbp/201303030WAS.html,Washington Wizards,Philadelphia 76ers,WAS,PHI,E. Okafor,S. Hawes,M. Webster,PHI,WAS,E. Turner,/players/t/turneev01.html,WAS,PHI,S. Hawes,/players/h/hawessp01.html,E. Okafor,/players/o/okafoem01.html,0
201303030HOU,https://www.basketball-reference.com/boxscores/pbp/201303030HOU.html,Houston Rockets,Dallas Mavericks,HOU,DAL,Ö. Aşık,C. Kaman,C. Kaman,DAL,HOU,D. Collison,/players/c/collida01.html,DAL,HOU,C. Kaman,/players/k/kamanch01.html,Ö. Aşık,/players/a/asikom01.html,1
201303030SAS,https://www.basketball-reference.com/boxscores/pbp/201303030SAS.html,San Antonio Spurs,Detroit Pistons,SAS,DET,T. Duncan,G. Monroe,D. Green,SAS,DET,C. Joseph,/players/j/josepco01.html,SAS,DET,T. Duncan,/players/d/duncati01.html,G. Monroe,/players/m/monrogr01.html,1
201303030IND,https://www.basketball-reference.com/boxscores/pbp/201303030IND.html,Indiana Pacers,Chicago Bulls,IND,CHI,R. Hibbert,J. Noah,J. Noah,CHI,IND,C. Boozer,/players/b/boozeca01.html,CHI,IND,J. Noah,/players/n/noahjo01.html,R. Hibbert,/players/h/hibbero01.html,1
201303030LAL,https://www.basketball-reference.com/boxscores/pbp/201303030LAL.html,Los Angeles Lakers,Atlanta Hawks,LAL,ATL,D. Howard,J. Smith,D. Stevenson,LAL,ATL,S. Nash,/players/n/nashst01.html,ATL,LAL,D. Howard,/players/h/howardw01.html,J. Smith,/players/s/smithjo03.html,0
201303040CLE,https://www.basketball-reference.com/boxscores/pbp/201303040CLE.html,Cleveland Cavaliers,New York Knicks,CLE,NYK,M. Speights,T. Chandler,M. Speights,NYK,CLE,I. Shumpert,/players/s/shumpim01.html,CLE,NYK,T. Chandler,/players/c/chandty01.html,M. Speights,/players/s/speigma01.html,0
201303040MIL,https://www.basketball-reference.com/boxscores/pbp/201303040MIL.html,Milwaukee Bucks,Utah Jazz,MIL,UTA,L. Sanders,D. Favors,D. Favors,MIL,UTA,M. Ellis,/players/e/ellismo01.html,UTA,MIL,L. Sanders,/players/s/sandela01.html,D. Favors,/players/f/favorde01.html,0
201303040MIN,https://www.basketball-reference.com/boxscores/pbp/201303040MIN.html,Minnesota Timberwolves,Miami Heat,MIN,MIA,G. Stiemsma,C. Bosh,R. Rubio,MIN,MIA,M. Gelabale,/players/g/gelabmi01.html,MIN,MIA,G. Stiemsma,/players/s/stiemgr01.html,C. Bosh,/players/b/boshch01.html,1
201303040NOH,https://www.basketball-reference.com/boxscores/pbp/201303040NOH.html,New Orleans Hornets,Orlando Magic,NOH,ORL,R. Lopez,N. Vučević,E. Gordon,NOH,ORL,A. Davis,/players/d/davisan02.html,NOH,ORL,R. Lopez,/players/l/lopezro01.html,N. Vučević,/players/v/vucevni01.html,1
201303040DEN,https://www.basketball-reference.com/boxscores/pbp/201303040DEN.html,Denver Nuggets,Atlanta Hawks,DEN,ATL,K. Koufos,J. Smith,A. Horford,ATL,DEN,A. Tolliver,/players/t/tollian01.html,ATL,DEN,J. Smith,/players/s/smithjo03.html,K. Koufos,/players/k/koufoko01.html,1
201303040POR,https://www.basketball-reference.com/boxscores/pbp/201303040POR.html,Portland Trail Blazers,Charlotte Bobcats,POR,CHA,J. Hickson,B. Biyombo,J. Hickson,POR,CHA,N. Batum,/players/b/batumni01.html,POR,CHA,J. Hickson,/players/h/hicksjj01.html,B. Biyombo,/players/b/biyombi01.html,1
201303040GSW,https://www.basketball-reference.com/boxscores/pbp/201303040GSW.html,Golden State Warriors,Toronto Raptors,GSW,TOR,A. Bogut,J. Valančiūnas,H. Barnes,GSW,TOR,D. Lee,/players/l/leeda02.html,GSW,TOR,A. Bogut,/players/b/bogutan01.html,J. Valančiūnas,/players/v/valanjo01.html,1
201303050PHI,https://www.basketball-reference.com/boxscores/pbp/201303050PHI.html,Philadelphia 76ers,Boston Celtics,PHI,BOS,S. Hawes,K. Garnett,K. Garnett,BOS,PHI,B. Bass,/players/b/bassbr01.html,BOS,PHI,K. Garnett,/players/g/garneke01.html,S. Hawes,/players/h/hawessp01.html,1
201303050OKC,https://www.basketball-reference.com/boxscores/pbp/201303050OKC.html,Oklahoma City Thunder,Los Angeles Lakers,OKC,LAL,K. Perkins,D. Howard,S. Ibaka,LAL,OKC,S. Nash,/players/n/nashst01.html,OKC,LAL,D. Howard,/players/h/howardw01.html,K. Perkins,/players/p/perkike01.html,0
201303050SAC,https://www.basketball-reference.com/boxscores/pbp/201303050SAC.html,Sacramento Kings,Denver Nuggets,SAC,DEN,J. Thompson,K. Koufos,T. Evans,SAC,DEN,I. Thomas,/players/t/thomais02.html,SAC,DEN,J. Thompson,/players/t/thompja02.html,K. Koufos,/players/k/koufoko01.html,1
201303060CHA,https://www.basketball-reference.com/boxscores/pbp/201303060CHA.html,Charlotte Bobcats,Brooklyn Nets,CHA,BRK,B. Biyombo,B. Lopez,B. Lopez,BRK,CHA,D. Williams,/players/w/willide01.html,BRK,CHA,B. Lopez,/players/l/lopezbr01.html,B. Biyombo,/players/b/biyombi01.html,1
201303060CLE,https://www.basketball-reference.com/boxscores/pbp/201303060CLE.html,Cleveland Cavaliers,Utah Jazz,CLE,UTA,T. Zeller,D. Favors,M. Williams,UTA,CLE,M. Williams,/players/w/willima01.html,UTA,CLE,D. Favors,/players/f/favorde01.html,T. Zeller,/players/z/zellety01.html,1
201303060IND,https://www.basketball-reference.com/boxscores/pbp/201303060IND.html,Indiana Pacers,Boston Celtics,IND,BOS,R. Hibbert,K. Garnett,K. Garnett,IND,BOS,D. West,/players/w/westda01.html,BOS,IND,R. Hibbert,/players/h/hibbero01.html,K. Garnett,/players/g/garneke01.html,0
201303060ATL,https://www.basketball-reference.com/boxscores/pbp/201303060ATL.html,Atlanta Hawks,Philadelphia 76ers,ATL,PHI,J. Smith,S. Hawes,T. Young,ATL,PHI,D. Stevenson,/players/s/stevede01.html,PHI,ATL,J. Smith,/players/s/smithjo03.html,S. Hawes,/players/h/hawessp01.html,0
201303060DET,https://www.basketball-reference.com/boxscores/pbp/201303060DET.html,Detroit Pistons,New York Knicks,DET,NYK,J. Maxiell,T. Chandler,R. Felton,NYK,DET,R. Felton,/players/f/feltora01.html,NYK,DET,T. Chandler,/players/c/chandty01.html,J. Maxiell,/players/m/maxieja01.html,1
201303060MIA,https://www.basketball-reference.com/boxscores/pbp/201303060MIA.html,Miami Heat,Orlando Magic,MIA,ORL,C. Bosh,N. Vučević,C. Bosh,MIA,ORL,L. James,/players/j/jamesle01.html,MIA,ORL,C. Bosh,/players/b/boshch01.html,N. Vučević,/players/v/vucevni01.html,1
201303060MEM,https://www.basketball-reference.com/boxscores/pbp/201303060MEM.html,Memphis Grizzlies,Portland Trail Blazers,MEM,POR,M. Gasol,J. Hickson,T. Allen,MEM,POR,M. Conley,/players/c/conlemi01.html,MEM,POR,M. Gasol,/players/g/gasolma01.html,J. Hickson,/players/h/hicksjj01.html,1
201303060MIN,https://www.basketball-reference.com/boxscores/pbp/201303060MIN.html,Minnesota Timberwolves,Washington Wizards,MIN,WAS,G. Stiemsma,E. Okafor,T. Ariza,WAS,MIN,J. Wall,/players/w/walljo01.html,WAS,MIN,E. Okafor,/players/o/okafoem01.html,G. Stiemsma,/players/s/stiemgr01.html,1
201303060NOH,https://www.basketball-reference.com/boxscores/pbp/201303060NOH.html,New Orleans Hornets,Los Angeles Lakers,NOH,LAL,R. Lopez,D. Howard,M. World Peace,LAL,NOH,S. Nash,/players/n/nashst01.html,LAL,NOH,D. Howard,/players/h/howardw01.html,R. Lopez,/players/l/lopezro01.html,1
201303060DAL,https://www.basketball-reference.com/boxscores/pbp/201303060DAL.html,Dallas Mavericks,Houston Rockets,DAL,HOU,B. Wright,Ö. Aşık,Ö. Aşık,HOU,DAL,C. Parsons,/players/p/parsoch01.html,HOU,DAL,Ö. Aşık,/players/a/asikom01.html,B. Wright,/players/w/wrighbr03.html,1
201303060PHO,https://www.basketball-reference.com/boxscores/pbp/201303060PHO.html,Phoenix Suns,Toronto Raptors,PHO,TOR,M. Gortat,J. Valančiūnas,L. Scola,PHO,TOR,G. Dragić,/players/d/dragigo01.html,PHO,TOR,M. Gortat,/players/g/gortama01.html,J. Valančiūnas,/players/v/valanjo01.html,1
201303060SAS,https://www.basketball-reference.com/boxscores/pbp/201303060SAS.html,San Antonio Spurs,Chicago Bulls,SAS,CHI,T. Duncan,J. Noah,T. Duncan,SAS,CHI,C. Joseph,/players/j/josepco01.html,SAS,CHI,T. Duncan,/players/d/duncati01.html,J. Noah,/players/n/noahjo01.html,1
201303060GSW,https://www.basketball-reference.com/boxscores/pbp/201303060GSW.html,Golden State Warriors,Sacramento Kings,GSW,SAC,A. Bogut,J. Thompson,D. Cousins,GSW,SAC,S. Curry,/players/c/curryst01.html,SAC,GSW,A. Bogut,/players/b/bogutan01.html,J. Thompson,/players/t/thompja02.html,0
201303060LAC,https://www.basketball-reference.com/boxscores/pbp/201303060LAC.html,Los Angeles Clippers,Milwaukee Bucks,LAC,MIL,D. Jordan,L. Sanders,C. Billups,LAC,MIL,C. Paul,/players/p/paulch01.html,LAC,MIL,D. Jordan,/players/j/jordade01.html,L. Sanders,/players/s/sandela01.html,1
201303070NYK,https://www.basketball-reference.com/boxscores/pbp/201303070NYK.html,New York Knicks,Oklahoma City Thunder,NYK,OKC,T. Chandler,S. Ibaka,J. White,NYK,OKC,R. Felton,/players/f/feltora01.html,NYK,OKC,T. Chandler,/players/c/chandty01.html,S. Ibaka,/players/i/ibakase01.html,1
201303070DEN,https://www.basketball-reference.com/boxscores/pbp/201303070DEN.html,Denver Nuggets,Los Angeles Clippers,DEN,LAC,K. Koufos,D. Jordan,D. Gallinari,DEN,LAC,T. Lawson,/players/l/lawsoty01.html,DEN,LAC,K. Koufos,/players/k/koufoko01.html,D. Jordan,/players/j/jordade01.html,1
201303080CHA,https://www.basketball-reference.com/boxscores/pbp/201303080CHA.html,Charlotte Bobcats,Oklahoma City Thunder,CHA,OKC,B. Biyombo,S. Ibaka,S. Ibaka,OKC,CHA,K. Perkins,/players/p/perkike01.html,OKC,CHA,S. Ibaka,/players/i/ibakase01.html,B. Biyombo,/players/b/biyombi01.html,1
201303080ORL,https://www.basketball-reference.com/boxscores/pbp/201303080ORL.html,Orlando Magic,Indiana Pacers,ORL,IND,N. Vučević,R. Hibbert,A. Afflalo,ORL,IND,M. Harkless,/players/h/harklma01.html,ORL,IND,N. Vučević,/players/v/vucevni01.html,R. Hibbert,/players/h/hibbero01.html,1
201303080BRK,https://www.basketball-reference.com/boxscores/pbp/201303080BRK.html,Brooklyn Nets,Washington Wizards,BRK,WAS,B. Lopez,E. Okafor,B. Lopez,BRK,WAS,D. Williams,/players/w/willide01.html,BRK,WAS,B. Lopez,/players/l/lopezbr01.html,E. Okafor,/players/o/okafoem01.html,1
201303080CLE,https://www.basketball-reference.com/boxscores/pbp/201303080CLE.html,Cleveland Cavaliers,Memphis Grizzlies,CLE,MEM,T. Zeller,M. Gasol,T. Thompson,CLE,MEM,D. Waiters,/players/w/waitedi01.html,CLE,MEM,T. Zeller,/players/z/zellety01.html,M. Gasol,/players/g/gasolma01.html,1
201303080DET,https://www.basketball-reference.com/boxscores/pbp/201303080DET.html,Detroit Pistons,Dallas Mavericks,DET,DAL,G. Monroe,C. Kaman,O. Mayo,DAL,DET,D. Nowitzki,/players/n/nowitdi01.html,DAL,DET,C. Kaman,/players/k/kamanch01.html,G. Monroe,/players/m/monrogr01.html,1
201303080BOS,https://www.basketball-reference.com/boxscores/pbp/201303080BOS.html,Boston Celtics,Atlanta Hawks,BOS,ATL,K. Garnett,J. Petro,D. Harris,ATL,BOS,A. Horford,/players/h/horfoal01.html,ATL,BOS,J. Petro,/players/p/petrojo01.html,K. Garnett,/players/g/garneke01.html,1
201303080CHI,https://www.basketball-reference.com/boxscores/pbp/201303080CHI.html,Chicago Bulls,Utah Jazz,CHI,UTA,J. Noah,A. Jefferson,C. Boozer,CHI,UTA,N. Robinson,/players/r/robinna01.html,CHI,UTA,J. Noah,/players/n/noahjo01.html,A. Jefferson,/players/j/jeffeal01.html,1
201303080MIA,https://www.basketball-reference.com/boxscores/pbp/201303080MIA.html,Miami Heat,Philadelphia 76ers,MIA,PHI,C. Bosh,S. Hawes,T. Young,MIA,PHI,L. James,/players/j/jamesle01.html,PHI,MIA,C. Bosh,/players/b/boshch01.html,S. Hawes,/players/h/hawessp01.html,0
201303080SAS,https://www.basketball-reference.com/boxscores/pbp/201303080SAS.html,San Antonio Spurs,Portland Trail Blazers,SAS,POR,T. Duncan,J. Hickson,L. Aldridge,POR,SAS,L. Aldridge,/players/a/aldrila01.html,POR,SAS,J. Hickson,/players/h/hicksjj01.html,T. Duncan,/players/d/duncati01.html,1
201303080SAC,https://www.basketball-reference.com/boxscores/pbp/201303080SAC.html,Sacramento Kings,Phoenix Suns,SAC,PHO,J. Thompson,M. Morris,L. Scola,PHO,SAC,G. Dragić,/players/d/dragigo01.html,PHO,SAC,M. Morris,/players/m/morrima02.html,J. Thompson,/players/t/thompja02.html,1
201303080GSW,https://www.basketball-reference.com/boxscores/pbp/201303080GSW.html,Golden State Warriors,Houston Rockets,GSW,HOU,A. Bogut,Ö. Aşık,Ö. Aşık,HOU,GSW,J. Harden,/players/h/hardeja01.html,HOU,GSW,Ö. Aşık,/players/a/asikom01.html,A. Bogut,/players/b/bogutan01.html,1
201303080LAL,https://www.basketball-reference.com/boxscores/pbp/201303080LAL.html,Los Angeles Lakers,Toronto Raptors,LAL,TOR,D. Howard,J. Valančiūnas,D. Howard,LAL,TOR,S. Nash,/players/n/nashst01.html,LAL,TOR,D. Howard,/players/h/howardw01.html,J. Valančiūnas,/players/v/valanjo01.html,1
201303090ATL,https://www.basketball-reference.com/boxscores/pbp/201303090ATL.html,Atlanta Hawks,Brooklyn Nets,ATL,BRK,J. Petro,B. Lopez,J. Petro,BRK,ATL,G. Wallace,/players/w/wallage01.html,ATL,BRK,B. Lopez,/players/l/lopezbr01.html,J. Petro,/players/p/petrojo01.html,0
201303090NYK,https://www.basketball-reference.com/boxscores/pbp/201303090NYK.html,New York Knicks,Utah Jazz,NYK,UTA,T. Chandler,D. Favors,M. Williams,UTA,NYK,R. Foye,/players/f/foyera01.html,UTA,NYK,D. Favors,/players/f/favorde01.html,T. Chandler,/players/c/chandty01.html,1
201303090MEM,https://www.basketball-reference.com/boxscores/pbp/201303090MEM.html,Memphis Grizzlies,New Orleans Hornets,MEM,NOH,M. Gasol,R. Lopez,T. Prince,MEM,NOH,T. Allen,/players/a/allento01.html,MEM,NOH,M. Gasol,/players/g/gasolma01.html,R. Lopez,/players/l/lopezro01.html,1
201303090WAS,https://www.basketball-reference.com/boxscores/pbp/201303090WAS.html,Washington Wizards,Charlotte Bobcats,WAS,CHA,E. Okafor,B. Biyombo,M. Webster,CHA,WAS,K. Walker,/players/w/walkeke02.html,WAS,CHA,B. Biyombo,/players/b/biyombi01.html,E. Okafor,/players/o/okafoem01.html,0
201303090DEN,https://www.basketball-reference.com/boxscores/pbp/201303090DEN.html,Denver Nuggets,Minnesota Timberwolves,DEN,MIN,K. Koufos,G. Stiemsma,A. Iguodala,DEN,MIN,T. Lawson,/players/l/lawsoty01.html,DEN,MIN,K. Koufos,/players/k/koufoko01.html,G. Stiemsma,/players/s/stiemgr01.html,1
201303090PHO,https://www.basketball-reference.com/boxscores/pbp/201303090PHO.html,Phoenix Suns,Houston Rockets,PHO,HOU,M. Morris,Ö. Aşık,D. Motiejūnas,HOU,PHO,J. Lin,/players/l/linje01.html,HOU,PHO,Ö. Aşık,/players/a/asikom01.html,M. Morris,/players/m/morrima02.html,1
201303090GSW,https://www.basketball-reference.com/boxscores/pbp/201303090GSW.html,Golden State Warriors,Milwaukee Bucks,GSW,MIL,A. Bogut,L. Sanders,B. Jennings,MIL,GSW,B. Jennings,/players/j/jennibr01.html,MIL,GSW,L. Sanders,/players/s/sandela01.html,A. Bogut,/players/b/bogutan01.html,1
201303100OKC,https://www.basketball-reference.com/boxscores/pbp/201303100OKC.html,Oklahoma City Thunder,Boston Celtics,OKC,BOS,S. Ibaka,K. Garnett,A. Bradley,OKC,BOS,K. Durant,/players/d/duranke01.html,BOS,OKC,S. Ibaka,/players/i/ibakase01.html,K. Garnett,/players/g/garneke01.html,0
201303100LAL,https://www.basketball-reference.com/boxscores/pbp/201303100LAL.html,Los Angeles Lakers,Chicago Bulls,LAL,CHI,D. Howard,J. Noah,S. Nash,CHI,LAL,N. Robinson,/players/r/robinna01.html,LAL,CHI,J. Noah,/players/n/noahjo01.html,D. Howard,/players/h/howardw01.html,0
201303100MIA,https://www.basketball-reference.com/boxscores/pbp/201303100MIA.html,Miami Heat,Indiana Pacers,MIA,IND,C. Bosh,R. Hibbert,G. Hill,IND,MIA,D. West,/players/w/westda01.html,IND,MIA,R. Hibbert,/players/h/hibbero01.html,C. Bosh,/players/b/boshch01.html,1
201303100ORL,https://www.basketball-reference.com/boxscores/pbp/201303100ORL.html,Orlando Magic,Philadelphia 76ers,ORL,PHI,N. Vučević,S. Hawes,S. Hawes,ORL,PHI,T. Harris,/players/h/harrito02.html,PHI,ORL,N. Vučević,/players/v/vucevni01.html,S. Hawes,/players/h/hawessp01.html,0
201303100TOR,https://www.basketball-reference.com/boxscores/pbp/201303100TOR.html,Toronto Raptors,Cleveland Cavaliers,TOR,CLE,J. Valančiūnas,T. Zeller,T. Zeller,TOR,CLE,K. Lowry,/players/l/lowryky01.html,CLE,TOR,J. Valančiūnas,/players/v/valanjo01.html,T. Zeller,/players/z/zellety01.html,0
201303100MIN,https://www.basketball-reference.com/boxscores/pbp/201303100MIN.html,Minnesota Timberwolves,Dallas Mavericks,MIN,DAL,G. Stiemsma,C. Kaman,J. Crowder,MIN,DAL,D. Williams,/players/w/willide02.html,DAL,MIN,G. Stiemsma,/players/s/stiemgr01.html,C. Kaman,/players/k/kamanch01.html,0
201303100NOH,https://www.basketball-reference.com/boxscores/pbp/201303100NOH.html,New Orleans Hornets,Portland Trail Blazers,NOH,POR,R. Lopez,J. Hickson,W. Matthews,POR,NOH,L. Aldridge,/players/a/aldrila01.html,POR,NOH,J. Hickson,/players/h/hicksjj01.html,R. Lopez,/players/l/lopezro01.html,1
201303100SAC,https://www.basketball-reference.com/boxscores/pbp/201303100SAC.html,Sacramento Kings,Milwaukee Bucks,SAC,MIL,J. Thompson,S. Dalembert,L. Mbah a Moute,MIL,SAC,M. Ellis,/players/e/ellismo01.html,MIL,SAC,S. Dalembert,/players/d/dalemsa01.html,J. Thompson,/players/t/thompja02.html,1
201303100LAC,https://www.basketball-reference.com/boxscores/pbp/201303100LAC.html,Los Angeles Clippers,Detroit Pistons,LAC,DET,D. Jordan,G. Monroe,B. Griffin,LAC,DET,C. Paul,/players/p/paulch01.html,LAC,DET,D. Jordan,/players/j/jordade01.html,G. Monroe,/players/m/monrogr01.html,1
201303110PHI,https://www.basketball-reference.com/boxscores/pbp/201303110PHI.html,Philadelphia 76ers,Brooklyn Nets,PHI,BRK,S. Hawes,B. Lopez,D. Wilkins,BRK,PHI,D. Williams,/players/w/willide01.html,PHI,BRK,B. Lopez,/players/l/lopezbr01.html,S. Hawes,/players/h/hawessp01.html,0
201303110SAS,https://www.basketball-reference.com/boxscores/pbp/201303110SAS.html,San Antonio Spurs,Oklahoma City Thunder,SAS,OKC,T. Duncan,S. Ibaka,K. Leonard,OKC,SAS,K. Perkins,/players/p/perkike01.html,SAS,OKC,S. Ibaka,/players/i/ibakase01.html,T. Duncan,/players/d/duncati01.html,0
201303110UTA,https://www.basketball-reference.com/boxscores/pbp/201303110UTA.html,Utah Jazz,Detroit Pistons,UTA,DET,D. Favors,G. Monroe,A. Jefferson,DET,UTA,J. Jerebko,/players/j/jerebjo01.html,UTA,DET,G. Monroe,/players/m/monrogr01.html,D. Favors,/players/f/favorde01.html,0
201303110PHO,https://www.basketball-reference.com/boxscores/pbp/201303110PHO.html,Phoenix Suns,Denver Nuggets,PHO,DEN,M. Morris,K. Koufos,K. Koufos,DEN,PHO,D. Gallinari,/players/g/gallida01.html,DEN,PHO,K. Koufos,/players/k/koufoko01.html,M. Morris,/players/m/morrima02.html,1
201303110GSW,https://www.basketball-reference.com/boxscores/pbp/201303110GSW.html,Golden State Warriors,New York Knicks,GSW,NYK,A. Bogut,T. Chandler,C. Anthony,GSW,NYK,S. Curry,/players/c/curryst01.html,NYK,GSW,A. Bogut,/players/b/bogutan01.html,T. Chandler,/players/c/chandty01.html,0
201303120CHA,https://www.basketball-reference.com/boxscores/pbp/201303120CHA.html,Charlotte Bobcats,Boston Celtics,CHA,BOS,B. Biyombo,K. Garnett,G. Henderson,CHA,BOS,J. McRoberts,/players/m/mcrobjo01.html,CHA,BOS,B. Biyombo,/players/b/biyombi01.html,K. Garnett,/players/g/garneke01.html,1
201303120CLE,https://www.basketball-reference.com/boxscores/pbp/201303120CLE.html,Cleveland Cavaliers,Washington Wizards,CLE,WAS,T. Zeller,E. Okafor,M. Webster,WAS,CLE,J. Wall,/players/w/walljo01.html,WAS,CLE,E. Okafor,/players/o/okafoem01.html,T. Zeller,/players/z/zellety01.html,1
201303120ORL,https://www.basketball-reference.com/boxscores/pbp/201303120ORL.html,Orlando Magic,Los Angeles Lakers,ORL,LAL,N. Vučević,D. Howard,K. Bryant,LAL,ORL,S. Nash,/players/n/nashst01.html,LAL,ORL,D. Howard,/players/h/howardw01.html,N. Vučević,/players/v/vucevni01.html,1
201303120BRK,https://www.basketball-reference.com/boxscores/pbp/201303120BRK.html,Brooklyn Nets,New Orleans Hornets,BRK,NOH,B. Lopez,R. Lopez,B. Lopez,BRK,NOH,C. Watson,/players/w/watsocj01.html,BRK,NOH,B. Lopez,/players/l/lopezbr01.html,R. Lopez,/players/l/lopezro01.html,1
201303120MIA,https://www.basketball-reference.com/boxscores/pbp/201303120MIA.html,Miami Heat,Atlanta Hawks,MIA,ATL,C. Bosh,J. Smith,M. Chalmers,ATL,MIA,A. Tolliver,/players/t/tollian01.html,MIA,ATL,J. Smith,/players/s/smithjo03.html,C. Bosh,/players/b/boshch01.html,0
201303120MIL,https://www.basketball-reference.com/boxscores/pbp/201303120MIL.html,Milwaukee Bucks,Dallas Mavericks,MIL,DAL,L. Sanders,C. Kaman,E. İlyasova,DAL,MIL,M. James,/players/j/jamesmi01.html,MIL,DAL,C. Kaman,/players/k/kamanch01.html,L. Sanders,/players/s/sandela01.html,0
201303120MIN,https://www.basketball-reference.com/boxscores/pbp/201303120MIN.html,Minnesota Timberwolves,San Antonio Spurs,MIN,SAS,G. Stiemsma,T. Splitter,D. Green,SAS,MIN,S. Jackson,/players/j/jacksst02.html,SAS,MIN,T. Splitter,/players/s/splitti01.html,G. Stiemsma,/players/s/stiemgr01.html,1
201303120POR,https://www.basketball-reference.com/boxscores/pbp/201303120POR.html,Portland Trail Blazers,Memphis Grizzlies,POR,MEM,J. Hickson,M. Gasol,J. Hickson,MEM,POR,T. Allen,/players/a/allento01.html,POR,MEM,M. Gasol,/players/g/gasolma01.html,J. Hickson,/players/h/hicksjj01.html,0
201303130IND,https://www.basketball-reference.com/boxscores/pbp/201303130IND.html,Indiana Pacers,Minnesota Timberwolves,IND,MIN,R. Hibbert,G. Stiemsma,R. Hibbert,IND,MIN,G. Hill,/players/h/hillge01.html,IND,MIN,R. Hibbert,/players/h/hibbero01.html,G. Stiemsma,/players/s/stiemgr01.html,1
201303130PHI,https://www.basketball-reference.com/boxscores/pbp/201303130PHI.html,Philadelphia 76ers,Miami Heat,PHI,MIA,S. Hawes,C. Bosh,T. Young,MIA,PHI,U. Haslem,/players/h/hasleud01.html,PHI,MIA,C. Bosh,/players/b/boshch01.html,S. Hawes,/players/h/hawessp01.html,0
201303130WAS,https://www.basketball-reference.com/boxscores/pbp/201303130WAS.html,Washington Wizards,Milwaukee Bucks,WAS,MIL,E. Okafor,L. Sanders,N. Hilário,WAS,MIL,J. Wall,/players/w/walljo01.html,WAS,MIL,E. Okafor,/players/o/okafoem01.html,L. Sanders,/players/s/sandela01.html,1
201303130ATL,https://www.basketball-reference.com/boxscores/pbp/201303130ATL.html,Atlanta Hawks,Los Angeles Lakers,ATL,LAL,J. Petro,D. Howard,M. World Peace,LAL,ATL,E. Clark,/players/c/clarkea01.html,LAL,ATL,D. Howard,/players/h/howardw01.html,J. Petro,/players/p/petrojo01.html,1
201303130BOS,https://www.basketball-reference.com/boxscores/pbp/201303130BOS.html,Boston Celtics,Toronto Raptors,BOS,TOR,K. Garnett,A. Johnson,B. Bass,BOS,TOR,B. Bass,/players/b/bassbr01.html,BOS,TOR,K. Garnett,/players/g/garneke01.html,A. Johnson,/players/j/johnsam01.html,1
201303130HOU,https://www.basketball-reference.com/boxscores/pbp/201303130HOU.html,Houston Rockets,Phoenix Suns,HOU,PHO,Ö. Aşık,M. Morris,L. Scola,HOU,PHO,J. Lin,/players/l/linje01.html,PHO,HOU,Ö. Aşık,/players/a/asikom01.html,M. Morris,/players/m/morrima02.html,0
201303130OKC,https://www.basketball-reference.com/boxscores/pbp/201303130OKC.html,Oklahoma City Thunder,Utah Jazz,OKC,UTA,S. Ibaka,A. Jefferson,S. Ibaka,UTA,OKC,P. Millsap,/players/m/millspa01.html,OKC,UTA,A. Jefferson,/players/j/jeffeal01.html,S. Ibaka,/players/i/ibakase01.html,0
201303130SAC,https://www.basketball-reference.com/boxscores/pbp/201303130SAC.html,Sacramento Kings,Chicago Bulls,SAC,CHI,J. Thompson,J. Noah,C. Boozer,CHI,SAC,N. Robinson,/players/r/robinna01.html,CHI,SAC,J. Noah,/players/n/noahjo01.html,J. Thompson,/players/t/thompja02.html,1
201303130DEN,https://www.basketball-reference.com/boxscores/pbp/201303130DEN.html,Denver Nuggets,New York Knicks,DEN,NYK,K. Koufos,T. Chandler,J. White,NYK,DEN,T. Chandler,/players/c/chandty01.html,NYK,DEN,T. Chandler,/players/c/chandty01.html,K. Koufos,/players/k/koufoko01.html,1
201303130GSW,https://www.basketball-reference.com/boxscores/pbp/201303130GSW.html,Golden State Warriors,Detroit Pistons,GSW,DET,A. Bogut,G. Monroe,S. Curry,GSW,DET,S. Curry,/players/c/curryst01.html,GSW,DET,A. Bogut,/players/b/bogutan01.html,G. Monroe,/players/m/monrogr01.html,1
201303130LAC,https://www.basketball-reference.com/boxscores/pbp/201303130LAC.html,Los Angeles Clippers,Memphis Grizzlies,LAC,MEM,D. Jordan,M. Gasol,C. Billups,LAC,MEM,C. Paul,/players/p/paulch01.html,LAC,MEM,D. Jordan,/players/j/jordade01.html,M. Gasol,/players/g/gasolma01.html,1
201303140SAS,https://www.basketball-reference.com/boxscores/pbp/201303140SAS.html,San Antonio Spurs,Dallas Mavericks,SAS,DAL,T. Duncan,C. Kaman,T. Duncan,SAS,DAL,C. Joseph,/players/j/josepco01.html,SAS,DAL,T. Duncan,/players/d/duncati01.html,C. Kaman,/players/k/kamanch01.html,1
201303140POR,https://www.basketball-reference.com/boxscores/pbp/201303140POR.html,Portland Trail Blazers,New York Knicks,POR,NYK,J. Hickson,K. Martin,I. Shumpert,NYK,POR,C. Copeland,/players/c/copelch01.html,NYK,POR,K. Martin,/players/m/martike01.html,J. Hickson,/players/h/hicksjj01.html,1
201303150IND,https://www.basketball-reference.com/boxscores/pbp/201303150IND.html,Indiana Pacers,Los Angeles Lakers,IND,LAL,R. Hibbert,D. Howard,G. Hill,LAL,IND,S. Nash,/players/n/nashst01.html,IND,LAL,D. Howard,/players/h/howardw01.html,R. Hibbert,/players/h/hibbero01.html,0
201303150TOR,https://www.basketball-reference.com/boxscores/pbp/201303150TOR.html,Toronto Raptors,Charlotte Bobcats,TOR,CHA,A. Johnson,B. Biyombo,G. Henderson,CHA,TOR,J. McRoberts,/players/m/mcrobjo01.html,CHA,TOR,B. Biyombo,/players/b/biyombi01.html,A. Johnson,/players/j/johnsam01.html,1
201303150WAS,https://www.basketball-reference.com/boxscores/pbp/201303150WAS.html,Washington Wizards,New Orleans Hornets,WAS,NOH,E. Okafor,R. Lopez,J. Wall,WAS,NOH,N. Hilário,/players/h/hilarne01.html,WAS,NOH,E. Okafor,/players/o/okafoem01.html,R. Lopez,/players/l/lopezro01.html,1
201303150ATL,https://www.basketball-reference.com/boxscores/pbp/201303150ATL.html,Atlanta Hawks,Phoenix Suns,ATL,PHO,J. Smith,J. O'Neal,G. Dragić,PHO,ATL,G. Dragić,/players/d/dragigo01.html,PHO,ATL,J. O'Neal,/players/o/onealje01.html,J. Smith,/players/s/smithjo03.html,1
201303150HOU,https://www.basketball-reference.com/boxscores/pbp/201303150HOU.html,Houston Rockets,Minnesota Timberwolves,HOU,MIN,Ö. Aşık,G. Stiemsma,G. Stiemsma,HOU,MIN,C. Parsons,/players/p/parsoch01.html,MIN,HOU,Ö. Aşık,/players/a/asikom01.html,G. Stiemsma,/players/s/stiemgr01.html,0
201303150OKC,https://www.basketball-reference.com/boxscores/pbp/201303150OKC.html,Oklahoma City Thunder,Orlando Magic,OKC,ORL,S. Ibaka,N. Vučević,R. Westbrook,ORL,OKC,J. Nelson,/players/n/nelsoja01.html,OKC,ORL,N. Vučević,/players/v/vucevni01.html,S. Ibaka,/players/i/ibakase01.html,0
201303150DAL,https://www.basketball-reference.com/boxscores/pbp/201303150DAL.html,Dallas Mavericks,Cleveland Cavaliers,DAL,CLE,C. Kaman,T. Zeller,T. Zeller,DAL,CLE,M. James,/players/j/jamesmi01.html,CLE,DAL,C. Kaman,/players/k/kamanch01.html,T. Zeller,/players/z/zellety01.html,0
201303150MIL,https://www.basketball-reference.com/boxscores/pbp/201303150MIL.html,Milwaukee Bucks,Miami Heat,MIL,MIA,L. Sanders,C. Bosh,D. Wade,MIA,MIL,U. Haslem,/players/h/hasleud01.html,MIA,MIL,C. Bosh,/players/b/boshch01.html,L. Sanders,/players/s/sandela01.html,1
201303150DEN,https://www.basketball-reference.com/boxscores/pbp/201303150DEN.html,Denver Nuggets,Memphis Grizzlies,DEN,MEM,K. Koufos,M. Gasol,T. Prince,MEM,DEN,M. Gasol,/players/g/gasolma01.html,MEM,DEN,M. Gasol,/players/g/gasolma01.html,K. Koufos,/players/k/koufoko01.html,1
201303150GSW,https://www.basketball-reference.com/boxscores/pbp/201303150GSW.html,Golden State Warriors,Chicago Bulls,GSW,CHI,A. Bogut,J. Noah,J. Noah,CHI,GSW,C. Boozer,/players/b/boozeca01.html,CHI,GSW,J. Noah,/players/n/noahjo01.html,A. Bogut,/players/b/bogutan01.html,1
201303160WAS,https://www.basketball-reference.com/boxscores/pbp/201303160WAS.html,Washington Wizards,Phoenix Suns,WAS,PHO,E. Okafor,J. O'Neal,N. Hilário,PHO,WAS,W. Johnson,/players/j/johnswe01.html,WAS,PHO,J. O'Neal,/players/o/onealje01.html,E. Okafor,/players/o/okafoem01.html,0
201303160BOS,https://www.basketball-reference.com/boxscores/pbp/201303160BOS.html,Boston Celtics,Charlotte Bobcats,BOS,CHA,J. Green,B. Biyombo,M. Kidd-Gilchrist,CHA,BOS,K. Walker,/players/w/walkeke02.html,CHA,BOS,B. Biyombo,/players/b/biyombi01.html,J. Green,/players/g/greenje02.html,1
201303160PHI,https://www.basketball-reference.com/boxscores/pbp/201303160PHI.html,Philadelphia 76ers,Indiana Pacers,PHI,IND,S. Hawes,R. Hibbert,S. Hawes,PHI,IND,J. Holiday,/players/h/holidjr01.html,PHI,IND,S. Hawes,/players/h/hawessp01.html,R. Hibbert,/players/h/hibbero01.html,1
201303160SAS,https://www.basketball-reference.com/boxscores/pbp/201303160SAS.html,San Antonio Spurs,Cleveland Cavaliers,SAS,CLE,T. Duncan,T. Zeller,D. Waiters,SAS,CLE,C. Joseph,/players/j/josepco01.html,CLE,SAS,T. Duncan,/players/d/duncati01.html,T. Zeller,/players/z/zellety01.html,0
201303160POR,https://www.basketball-reference.com/boxscores/pbp/201303160POR.html,Portland Trail Blazers,Detroit Pistons,POR,DET,J. Hickson,G. Monroe,J. Hickson,POR,DET,D. Lillard,/players/l/lillada01.html,POR,DET,J. Hickson,/players/h/hicksjj01.html,G. Monroe,/players/m/monrogr01.html,1
201303160UTA,https://www.basketball-reference.com/boxscores/pbp/201303160UTA.html,Utah Jazz,Memphis Grizzlies,UTA,MEM,A. Jefferson,M. Gasol,M. Williams,UTA,MEM,R. Foye,/players/f/foyera01.html,UTA,MEM,A. Jefferson,/players/j/jeffeal01.html,M. Gasol,/players/g/gasolma01.html,1
201303170MIL,https://www.basketball-reference.com/boxscores/pbp/201303170MIL.html,Milwaukee Bucks,Orlando Magic,MIL,ORL,L. Sanders,N. Vučević,M. Harkless,MIL,ORL,T. Harris,/players/h/harrito02.html,ORL,MIL,L. Sanders,/players/s/sandela01.html,N. Vučević,/players/v/vucevni01.html,0
201303170TOR,https://www.basketball-reference.com/boxscores/pbp/201303170TOR.html,Toronto Raptors,Miami Heat,TOR,MIA,A. Johnson,C. Bosh,L. James,TOR,MIA,J. Valančiūnas,/players/v/valanjo01.html,MIA,TOR,A. Johnson,/players/j/johnsam01.html,C. Bosh,/players/b/boshch01.html,0
201303170LAC,https://www.basketball-reference.com/boxscores/pbp/201303170LAC.html,Los Angeles Clippers,New York Knicks,LAC,NYK,D. Jordan,K. Martin,I. Shumpert,LAC,NYK,C. Billups,/players/b/billuch01.html,NYK,LAC,D. Jordan,/players/j/jordade01.html,K. Martin,/players/m/martike01.html,0
201303170HOU,https://www.basketball-reference.com/boxscores/pbp/201303170HOU.html,Houston Rockets,Golden State Warriors,HOU,GSW,Ö. Aşık,A. Bogut,J. Lin,GSW,HOU,H. Barnes,/players/b/barneha02.html,HOU,GSW,A. Bogut,/players/b/bogutan01.html,Ö. Aşık,/players/a/asikom01.html,0
201303170MIN,https://www.basketball-reference.com/boxscores/pbp/201303170MIN.html,Minnesota Timberwolves,New Orleans Hornets,MIN,NOH,N. Peković,R. Lopez,R. Rubio,MIN,NOH,R. Rubio,/players/r/rubiori01.html,MIN,NOH,N. Peković,/players/p/pekovni01.html,R. Lopez,/players/l/lopezro01.html,1
201303170DAL,https://www.basketball-reference.com/boxscores/pbp/201303170DAL.html,Dallas Mavericks,Oklahoma City Thunder,DAL,OKC,E. Brand,S. Ibaka,M. James,OKC,DAL,K. Perkins,/players/p/perkike01.html,DAL,OKC,S. Ibaka,/players/i/ibakase01.html,E. Brand,/players/b/brandel01.html,0
201303170BRK,https://www.basketball-reference.com/boxscores/pbp/201303170BRK.html,Brooklyn Nets,Atlanta Hawks,BRK,ATL,B. Lopez,J. Smith,A. Horford,BRK,ATL,J. Johnson,/players/j/johnsjo02.html,ATL,BRK,B. Lopez,/players/l/lopezbr01.html,J. Smith,/players/s/smithjo03.html,0
201303170LAL,https://www.basketball-reference.com/boxscores/pbp/201303170LAL.html,Los Angeles Lakers,Sacramento Kings,LAL,SAC,D. Howard,J. Thompson,I. Thomas,LAL,SAC,S. Nash,/players/n/nashst01.html,SAC,LAL,D. Howard,/players/h/howardw01.html,J. Thompson,/players/t/thompja02.html,0
201303180CHA,https://www.basketball-reference.com/boxscores/pbp/201303180CHA.html,Charlotte Bobcats,Washington Wizards,CHA,WAS,B. Biyombo,E. Okafor,G. Henderson,CHA,WAS,K. Walker,/players/w/walkeke02.html,CHA,WAS,B. Biyombo,/players/b/biyombi01.html,E. Okafor,/players/o/okafoem01.html,1
201303180CLE,https://www.basketball-reference.com/boxscores/pbp/201303180CLE.html,Cleveland Cavaliers,Indiana Pacers,CLE,IND,T. Zeller,R. Hibbert,P. George,IND,CLE,G. Hill,/players/h/hillge01.html,IND,CLE,R. Hibbert,/players/h/hibbero01.html,T. Zeller,/players/z/zellety01.html,1
201303180PHI,https://www.basketball-reference.com/boxscores/pbp/201303180PHI.html,Philadelphia 76ers,Portland Trail Blazers,PHI,POR,S. Hawes,J. Hickson,D. Wilkins,PHI,POR,J. Holiday,/players/h/holidjr01.html,PHI,POR,S. Hawes,/players/h/hawessp01.html,J. Hickson,/players/h/hicksjj01.html,1
201303180ATL,https://www.basketball-reference.com/boxscores/pbp/201303180ATL.html,Atlanta Hawks,Dallas Mavericks,ATL,DAL,J. Smith,C. Kaman,M. James,DAL,ATL,C. Kaman,/players/k/kamanch01.html,DAL,ATL,C. Kaman,/players/k/kamanch01.html,J. Smith,/players/s/smithjo03.html,1
201303180DET,https://www.basketball-reference.com/boxscores/pbp/201303180DET.html,Detroit Pistons,Brooklyn Nets,DET,BRK,G. Monroe,B. Lopez,J. Maxiell,BRK,DET,D. Williams,/players/w/willide01.html,DET,BRK,B. Lopez,/players/l/lopezbr01.html,G. Monroe,/players/m/monrogr01.html,0
201303180BOS,https://www.basketball-reference.com/boxscores/pbp/201303180BOS.html,Boston Celtics,Miami Heat,BOS,MIA,J. Green,C. Bosh,B. Bass,BOS,MIA,A. Bradley,/players/b/bradlav01.html,BOS,MIA,J. Green,/players/g/greenje02.html,C. Bosh,/players/b/boshch01.html,1
201303180CHI,https://www.basketball-reference.com/boxscores/pbp/201303180CHI.html,Chicago Bulls,Denver Nuggets,CHI,DEN,J. Noah,K. Koufos,J. Noah,DEN,CHI,K. Faried,/players/f/farieke01.html,CHI,DEN,K. Koufos,/players/k/koufoko01.html,J. Noah,/players/n/noahjo01.html,0
201303180MEM,https://www.basketball-reference.com/boxscores/pbp/201303180MEM.html,Memphis Grizzlies,Minnesota Timberwolves,MEM,MIN,Z. Randolph,N. Peković,R. Rubio,MIN,MEM,R. Rubio,/players/r/rubiori01.html,MIN,MEM,N. Peković,/players/p/pekovni01.html,Z. Randolph,/players/r/randoza01.html,1
201303180NOH,https://www.basketball-reference.com/boxscores/pbp/201303180NOH.html,New Orleans Hornets,Golden State Warriors,NOH,GSW,R. Lopez,A. Bogut,A. Davis,GSW,NOH,S. Curry,/players/c/curryst01.html,NOH,GSW,A. Bogut,/players/b/bogutan01.html,R. Lopez,/players/l/lopezro01.html,0
201303180PHO,https://www.basketball-reference.com/boxscores/pbp/201303180PHO.html,Phoenix Suns,Los Angeles Lakers,PHO,LAL,J. O'Neal,D. Howard,S. Nash,LAL,PHO,J. Meeks,/players/m/meeksjo01.html,LAL,PHO,D. Howard,/players/h/howardw01.html,J. O'Neal,/players/o/onealje01.html,1
201303180UTA,https://www.basketball-reference.com/boxscores/pbp/201303180UTA.html,Utah Jazz,New York Knicks,UTA,NYK,A. Jefferson,K. Martin,M. Williams,UTA,NYK,R. Foye,/players/f/foyera01.html,UTA,NYK,A. Jefferson,/players/j/jeffeal01.html,K. Martin,/players/m/martike01.html,1
201303190IND,https://www.basketball-reference.com/boxscores/pbp/201303190IND.html,Indiana Pacers,Orlando Magic,IND,ORL,R. Hibbert,N. Vučević,M. Harkless,ORL,IND,T. Harris,/players/h/harrito02.html,ORL,IND,N. Vučević,/players/v/vucevni01.html,R. Hibbert,/players/h/hibbero01.html,1
201303190MIL,https://www.basketball-reference.com/boxscores/pbp/201303190MIL.html,Milwaukee Bucks,Portland Trail Blazers,MIL,POR,S. Dalembert,J. Hickson,S. Dalembert,MIL,POR,L. Sanders,/players/s/sandela01.html,MIL,POR,S. Dalembert,/players/d/dalemsa01.html,J. Hickson,/players/h/hicksjj01.html,1
201303190OKC,https://www.basketball-reference.com/boxscores/pbp/201303190OKC.html,Oklahoma City Thunder,Denver Nuggets,OKC,DEN,S. Ibaka,K. Koufos,K. Durant,DEN,OKC,A. Iguodala,/players/i/iguodan01.html,OKC,DEN,K. Koufos,/players/k/koufoko01.html,S. Ibaka,/players/i/ibakase01.html,0
201303190SAC,https://www.basketball-reference.com/boxscores/pbp/201303190SAC.html,Sacramento Kings,Los Angeles Clippers,SAC,LAC,J. Thompson,D. Jordan,I. Thomas,LAC,SAC,C. Paul,/players/p/paulch01.html,SAC,LAC,D. Jordan,/players/j/jordade01.html,J. Thompson,/players/t/thompja02.html,0
201303200CHA,https://www.basketball-reference.com/boxscores/pbp/201303200CHA.html,Charlotte Bobcats,Toronto Raptors,CHA,TOR,B. Biyombo,A. Johnson,D. DeRozan,TOR,CHA,J. Valančiūnas,/players/v/valanjo01.html,TOR,CHA,A. Johnson,/players/j/johnsam01.html,B. Biyombo,/players/b/biyombi01.html,1
201303200CLE,https://www.basketball-reference.com/boxscores/pbp/201303200CLE.html,Cleveland Cavaliers,Miami Heat,CLE,MIA,T. Zeller,C. Bosh,U. Haslem,MIA,CLE,L. James,/players/j/jamesle01.html,MIA,CLE,C. Bosh,/players/b/boshch01.html,T. Zeller,/players/z/zellety01.html,1
201303200ATL,https://www.basketball-reference.com/boxscores/pbp/201303200ATL.html,Atlanta Hawks,Milwaukee Bucks,ATL,MIL,J. Smith,S. Dalembert,D. Harris,MIL,ATL,B. Jennings,/players/j/jennibr01.html,ATL,MIL,S. Dalembert,/players/d/dalemsa01.html,J. Smith,/players/s/smithjo03.html,0
201303200NYK,https://www.basketball-reference.com/boxscores/pbp/201303200NYK.html,New York Knicks,Orlando Magic,NYK,ORL,K. Martin,T. Harris,C. Anthony,NYK,ORL,R. Felton,/players/f/feltora01.html,NYK,ORL,K. Martin,/players/m/martike01.html,T. Harris,/players/h/harrito02.html,1
201303200DAL,https://www.basketball-reference.com/boxscores/pbp/201303200DAL.html,Dallas Mavericks,Brooklyn Nets,DAL,BRK,C. Kaman,B. Lopez,B. Lopez,DAL,BRK,M. James,/players/j/jamesmi01.html,BRK,DAL,C. Kaman,/players/k/kamanch01.html,B. Lopez,/players/l/lopezbr01.html,0
201303200HOU,https://www.basketball-reference.com/boxscores/pbp/201303200HOU.html,Houston Rockets,Utah Jazz,HOU,UTA,Ö. Aşık,A. Jefferson,C. Parsons,UTA,HOU,M. Williams,/players/w/willima01.html,HOU,UTA,A. Jefferson,/players/j/jeffeal01.html,Ö. Aşık,/players/a/asikom01.html,0
201303200MEM,https://www.basketball-reference.com/boxscores/pbp/201303200MEM.html,Memphis Grizzlies,Oklahoma City Thunder,MEM,OKC,Z. Randolph,S. Ibaka,Z. Randolph,OKC,MEM,K. Durant,/players/d/duranke01.html,MEM,OKC,S. Ibaka,/players/i/ibakase01.html,Z. Randolph,/players/r/randoza01.html,0
201303200NOH,https://www.basketball-reference.com/boxscores/pbp/201303200NOH.html,New Orleans Hornets,Boston Celtics,NOH,BOS,R. Lopez,K. Garnett,B. Bass,BOS,NOH,B. Bass,/players/b/bassbr01.html,BOS,NOH,K. Garnett,/players/g/garneke01.html,R. Lopez,/players/l/lopezro01.html,1
201303200SAS,https://www.basketball-reference.com/boxscores/pbp/201303200SAS.html,San Antonio Spurs,Golden State Warriors,SAS,GSW,T. Duncan,A. Bogut,T. Splitter,SAS,GSW,T. Splitter,/players/s/splitti01.html,SAS,GSW,T. Duncan,/players/d/duncati01.html,A. Bogut,/players/b/bogutan01.html,1
201303200PHO,https://www.basketball-reference.com/boxscores/pbp/201303200PHO.html,Phoenix Suns,Washington Wizards,PHO,WAS,J. O'Neal,N. Hilário,J. Wall,WAS,PHO,G. Temple,/players/t/templga01.html,WAS,PHO,N. Hilário,/players/h/hilarne01.html,J. O'Neal,/players/o/onealje01.html,1
201303200LAC,https://www.basketball-reference.com/boxscores/pbp/201303200LAC.html,Los Angeles Clippers,Philadelphia 76ers,LAC,PHI,D. Jordan,S. Hawes,E. Turner,LAC,PHI,C. Paul,/players/p/paulch01.html,PHI,LAC,D. Jordan,/players/j/jordade01.html,S. Hawes,/players/h/hawessp01.html,0
201303210CHI,https://www.basketball-reference.com/boxscores/pbp/201303210CHI.html,Chicago Bulls,Portland Trail Blazers,CHI,POR,J. Noah,J. Hickson,J. Noah,CHI,POR,K. Hinrich,/players/h/hinriki01.html,CHI,POR,J. Noah,/players/n/noahjo01.html,J. Hickson,/players/h/hicksjj01.html,1
201303210DEN,https://www.basketball-reference.com/boxscores/pbp/201303210DEN.html,Denver Nuggets,Philadelphia 76ers,DEN,PHI,K. Koufos,S. Hawes,K. Faried,DEN,PHI,D. Gallinari,/players/g/gallida01.html,DEN,PHI,K. Koufos,/players/k/koufoko01.html,S. Hawes,/players/h/hawessp01.html,1
201303210SAC,https://www.basketball-reference.com/boxscores/pbp/201303210SAC.html,Sacramento Kings,Minnesota Timberwolves,SAC,MIN,J. Thompson,N. Peković,D. Williams,MIN,SAC,R. Rubio,/players/r/rubiori01.html,MIN,SAC,N. Peković,/players/p/pekovni01.html,J. Thompson,/players/t/thompja02.html,1
201303220IND,https://www.basketball-reference.com/boxscores/pbp/201303220IND.html,Indiana Pacers,Milwaukee Bucks,IND,MIL,R. Hibbert,S. Dalembert,T. Hansbrough,MIL,IND,B. Jennings,/players/j/jennibr01.html,IND,MIL,S. Dalembert,/players/d/dalemsa01.html,R. Hibbert,/players/h/hibbero01.html,0
201303220ORL,https://www.basketball-reference.com/boxscores/pbp/201303220ORL.html,Orlando Magic,Oklahoma City Thunder,ORL,OKC,K. O'Quinn,S. Ibaka,K. Durant,OKC,ORL,K. Perkins,/players/p/perkike01.html,OKC,ORL,S. Ibaka,/players/i/ibakase01.html,K. O'Quinn,/players/o/oquinky01.html,1
201303220TOR,https://www.basketball-reference.com/boxscores/pbp/201303220TOR.html,Toronto Raptors,New York Knicks,TOR,NYK,J. Valančiūnas,K. Martin,D. DeRozan,NYK,TOR,C. Anthony,/players/a/anthoca01.html,TOR,NYK,K. Martin,/players/m/martike01.html,J. Valančiūnas,/players/v/valanjo01.html,0
201303220ATL,https://www.basketball-reference.com/boxscores/pbp/201303220ATL.html,Atlanta Hawks,Portland Trail Blazers,ATL,POR,J. Smith,J. Hickson,J. Teague,ATL,POR,J. Teague,/players/t/teaguje01.html,ATL,POR,J. Smith,/players/s/smithjo03.html,J. Hickson,/players/h/hicksjj01.html,1
201303220MIA,https://www.basketball-reference.com/boxscores/pbp/201303220MIA.html,Miami Heat,Detroit Pistons,MIA,DET,C. Bosh,G. Monroe,J. Calderón,MIA,DET,L. James,/players/j/jamesle01.html,DET,MIA,C. Bosh,/players/b/boshch01.html,G. Monroe,/players/m/monrogr01.html,0
201303220HOU,https://www.basketball-reference.com/boxscores/pbp/201303220HOU.html,Houston Rockets,Cleveland Cavaliers,HOU,CLE,Ö. Aşık,T. Zeller,Ö. Aşık,HOU,CLE,D. Motiejūnas,/players/m/motiedo01.html,HOU,CLE,Ö. Aşık,/players/a/asikom01.html,T. Zeller,/players/z/zellety01.html,1
201303220NOH,https://www.basketball-reference.com/boxscores/pbp/201303220NOH.html,New Orleans Hornets,Memphis Grizzlies,NOH,MEM,,,,,,,,,,,,
201303220DAL,https://www.basketball-reference.com/boxscores/pbp/201303220DAL.html,Dallas Mavericks,Boston Celtics,DAL,BOS,B. Wright,K. Garnett,O. Mayo,BOS,DAL,A. Bradley,/players/b/bradlav01.html,DAL,BOS,K. Garnett,/players/g/garneke01.html,B. Wright,/players/w/wrighbr03.html,0
201303220SAS,https://www.basketball-reference.com/boxscores/pbp/201303220SAS.html,San Antonio Spurs,Utah Jazz,SAS,UTA,T. Duncan,A. Jefferson,A. Jefferson,UTA,SAS,P. Millsap,/players/m/millspa01.html,UTA,SAS,A. Jefferson,/players/j/jeffeal01.html,T. Duncan,/players/d/duncati01.html,1
201303220PHO,https://www.basketball-reference.com/boxscores/pbp/201303220PHO.html,Phoenix Suns,Minnesota Timberwolves,PHO,MIN,M. Morris,N. Peković,N. Peković,MIN,PHO,R. Rubio,/players/r/rubiori01.html,MIN,PHO,N. Peković,/players/p/pekovni01.html,M. Morris,/players/m/morrima02.html,1
201303220LAL,https://www.basketball-reference.com/boxscores/pbp/201303220LAL.html,Los Angeles Lakers,Washington Wizards,LAL,WAS,D. Howard,N. Hilário,M. World Peace,WAS,LAL,J. Collins,/players/c/collija04.html,LAL,WAS,N. Hilário,/players/h/hilarne01.html,D. Howard,/players/h/howardw01.html,0
201303230CHA,https://www.basketball-reference.com/boxscores/pbp/201303230CHA.html,Charlotte Bobcats,Detroit Pistons,CHA,DET,B. Biyombo,G. Monroe,B. Knight,CHA,DET,J. McRoberts,/players/m/mcrobjo01.html,DET,CHA,B. Biyombo,/players/b/biyombi01.html,G. Monroe,/players/m/monrogr01.html,0
201303230NYK,https://www.basketball-reference.com/boxscores/pbp/201303230NYK.html,New York Knicks,Toronto Raptors,NYK,TOR,K. Martin,J. Valančiūnas,C. Anthony,TOR,NYK,L. Fields,/players/f/fieldla01.html,NYK,TOR,J. Valančiūnas,/players/v/valanjo01.html,K. Martin,/players/m/martike01.html,0
201303230CHI,https://www.basketball-reference.com/boxscores/pbp/201303230CHI.html,Chicago Bulls,Indiana Pacers,CHI,IND,,,,,,,,,,,,
201303230MEM,https://www.basketball-reference.com/boxscores/pbp/201303230MEM.html,Memphis Grizzlies,Boston Celtics,MEM,BOS,E. Davis,J. Green,T. Allen,MEM,BOS,E. Davis,/players/d/davised01.html,MEM,BOS,E. Davis,/players/d/davised01.html,J. Green,/players/g/greenje02.html,1
201303230DEN,https://www.basketball-reference.com/boxscores/pbp/201303230DEN.html,Denver Nuggets,Sacramento Kings,DEN,SAC,K. Koufos,J. Thompson,K. Faried,DEN,SAC,K. Faried,/players/f/farieke01.html,DEN,SAC,K. Koufos,/players/k/koufoko01.html,J. Thompson,/players/t/thompja02.html,1
201303230GSW,https://www.basketball-reference.com/boxscores/pbp/201303230GSW.html,Golden State Warriors,Washington Wizards,GSW,WAS,A. Bogut,E. Okafor,S. Curry,GSW,WAS,S. Curry,/players/c/curryst01.html,GSW,WAS,A. Bogut,/players/b/bogutan01.html,E. Okafor,/players/o/okafoem01.html,1
201303230LAC,https://www.basketball-reference.com/boxscores/pbp/201303230LAC.html,Los Angeles Clippers,Brooklyn Nets,LAC,BRK,D. Jordan,B. Lopez,B. Lopez,BRK,LAC,D. Williams,/players/w/willide01.html,BRK,LAC,B. Lopez,/players/l/lopezbr01.html,D. Jordan,/players/j/jordade01.html,1
201303240MIL,https://www.basketball-reference.com/boxscores/pbp/201303240MIL.html,Milwaukee Bucks,Atlanta Hawks,MIL,ATL,L. Sanders,J. Smith,B. Jennings,MIL,ATL,B. Jennings,/players/j/jennibr01.html,MIL,ATL,L. Sanders,/players/s/sandela01.html,J. Smith,/players/s/smithjo03.html,1
201303240MIA,https://www.basketball-reference.com/boxscores/pbp/201303240MIA.html,Miami Heat,Charlotte Bobcats,MIA,CHA,C. Bosh,B. Biyombo,M. Miller,MIA,CHA,M. Chalmers,/players/c/chalmma01.html,MIA,CHA,C. Bosh,/players/b/boshch01.html,B. Biyombo,/players/b/biyombi01.html,1
201303240HOU,https://www.basketball-reference.com/boxscores/pbp/201303240HOU.html,Houston Rockets,San Antonio Spurs,HOU,SAS,Ö. Aşık,T. Duncan,K. Leonard,SAS,HOU,T. Parker,/players/p/parketo01.html,SAS,HOU,T. Duncan,/players/d/duncati01.html,Ö. Aşık,/players/a/asikom01.html,1
201303240MIN,https://www.basketball-reference.com/boxscores/pbp/201303240MIN.html,Minnesota Timberwolves,Chicago Bulls,MIN,CHI,N. Peković,N. Mohammed,R. Rubio,MIN,CHI,D. Williams,/players/w/willide02.html,MIN,CHI,N. Peković,/players/p/pekovni01.html,N. Mohammed,/players/m/mohamna01.html,1
201303240OKC,https://www.basketball-reference.com/boxscores/pbp/201303240OKC.html,Oklahoma City Thunder,Portland Trail Blazers,OKC,POR,S. Ibaka,J. Hickson,K. Durant,OKC,POR,T. Sefolosha,/players/s/sefolth01.html,OKC,POR,S. Ibaka,/players/i/ibakase01.html,J. Hickson,/players/h/hicksjj01.html,1
201303240DAL,https://www.basketball-reference.com/boxscores/pbp/201303240DAL.html,Dallas Mavericks,Utah Jazz,DAL,UTA,B. Wright,A. Jefferson,G. Hayward,UTA,DAL,P. Millsap,/players/m/millspa01.html,UTA,DAL,A. Jefferson,/players/j/jeffeal01.html,B. Wright,/players/w/wrighbr03.html,1
201303240PHO,https://www.basketball-reference.com/boxscores/pbp/201303240PHO.html,Phoenix Suns,Brooklyn Nets,PHO,BRK,M. Morris,B. Lopez,B. Lopez,BRK,PHO,D. Williams,/players/w/willide01.html,BRK,PHO,B. Lopez,/players/l/lopezbr01.html,M. Morris,/players/m/morrima02.html,1
201303240SAC,https://www.basketball-reference.com/boxscores/pbp/201303240SAC.html,Sacramento Kings,Philadelphia 76ers,SAC,PHI,,,,,,,,,,,,
201303250IND,https://www.basketball-reference.com/boxscores/pbp/201303250IND.html,Indiana Pacers,Atlanta Hawks,IND,ATL,R. Hibbert,J. Petro,J. Smith,ATL,IND,J. Teague,/players/t/teaguje01.html,ATL,IND,J. Petro,/players/p/petrojo01.html,R. Hibbert,/players/h/hibbero01.html,1
201303250ORL,https://www.basketball-reference.com/boxscores/pbp/201303250ORL.html,Orlando Magic,Miami Heat,ORL,MIA,K. O'Quinn,C. Bosh,M. Miller,ORL,MIA,E. Moore,/players/m/mooreet01.html,MIA,ORL,K. O'Quinn,/players/o/oquinky01.html,C. Bosh,/players/b/boshch01.html,0
201303250WAS,https://www.basketball-reference.com/boxscores/pbp/201303250WAS.html,Washington Wizards,Memphis Grizzlies,WAS,MEM,E. Okafor,D. Arthur,C. Singleton,WAS,MEM,J. Wall,/players/w/walljo01.html,WAS,MEM,E. Okafor,/players/o/okafoem01.html,D. Arthur,/players/a/arthuda01.html,1
201303250NOH,https://www.basketball-reference.com/boxscores/pbp/201303250NOH.html,New Orleans Hornets,Denver Nuggets,NOH,DEN,R. Lopez,K. Koufos,K. Koufos,DEN,NOH,D. Gallinari,/players/g/gallida01.html,DEN,NOH,K. Koufos,/players/k/koufoko01.html,R. Lopez,/players/l/lopezro01.html,1
201303250UTA,https://www.basketball-reference.com/boxscores/pbp/201303250UTA.html,Utah Jazz,Philadelphia 76ers,UTA,PHI,A. Jefferson,S. Hawes,A. Jefferson,UTA,PHI,M. Williams,/players/w/willima01.html,UTA,PHI,A. Jefferson,/players/j/jeffeal01.html,S. Hawes,/players/h/hawessp01.html,1
201303250GSW,https://www.basketball-reference.com/boxscores/pbp/201303250GSW.html,Golden State Warriors,Los Angeles Lakers,GSW,LAL,A. Bogut,D. Howard,D. Howard,LAL,GSW,P. Gasol,/players/g/gasolpa01.html,LAL,GSW,D. Howard,/players/h/howardw01.html,A. Bogut,/players/b/bogutan01.html,1
201303260BOS,https://www.basketball-reference.com/boxscores/pbp/201303260BOS.html,Boston Celtics,New York Knicks,BOS,NYK,,,,,,,,,,,,
201303260DET,https://www.basketball-reference.com/boxscores/pbp/201303260DET.html,Detroit Pistons,Minnesota Timberwolves,DET,MIN,G. Monroe,N. Peković,R. Rubio,MIN,DET,R. Rubio,/players/r/rubiori01.html,MIN,DET,N. Peković,/players/p/pekovni01.html,G. Monroe,/players/m/monrogr01.html,1
201303260DAL,https://www.basketball-reference.com/boxscores/pbp/201303260DAL.html,Dallas Mavericks,Los Angeles Clippers,DAL,LAC,B. Wright,D. Jordan,B. Wright,LAC,DAL,B. Griffin,/players/g/griffbl01.html,DAL,LAC,D. Jordan,/players/j/jordade01.html,B. Wright,/players/w/wrighbr03.html,0
201303270CHA,https://www.basketball-reference.com/boxscores/pbp/201303270CHA.html,Charlotte Bobcats,Orlando Magic,CHA,ORL,B. Biyombo,K. O'Quinn,D. Jones,CHA,ORL,K. Walker,/players/w/walkeke02.html,ORL,CHA,B. Biyombo,/players/b/biyombi01.html,K. O'Quinn,/players/o/oquinky01.html,0
201303270CLE,https://www.basketball-reference.com/boxscores/pbp/201303270CLE.html,Cleveland Cavaliers,Boston Celtics,CLE,BOS,T. Zeller,C. Wilcox,A. Gee,BOS,CLE,J. Green,/players/g/greenje02.html,CLE,BOS,C. Wilcox,/players/w/wilcoch01.html,T. Zeller,/players/z/zellety01.html,0
201303270PHI,https://www.basketball-reference.com/boxscores/pbp/201303270PHI.html,Philadelphia 76ers,Milwaukee Bucks,PHI,MIL,S. Hawes,L. Sanders,L. Sanders,MIL,PHI,B. Jennings,/players/j/jennibr01.html,MIL,PHI,L. Sanders,/players/s/sandela01.html,S. Hawes,/players/h/hawessp01.html,1
201303270TOR,https://www.basketball-reference.com/boxscores/pbp/201303270TOR.html,Toronto Raptors,Atlanta Hawks,TOR,ATL,A. Johnson,J. Smith,D. DeRozan,TOR,ATL,K. Lowry,/players/l/lowryky01.html,TOR,ATL,A. Johnson,/players/j/johnsam01.html,J. Smith,/players/s/smithjo03.html,1
201303270NYK,https://www.basketball-reference.com/boxscores/pbp/201303270NYK.html,New York Knicks,Memphis Grizzlies,NYK,MEM,K. Martin,M. Gasol,Z. Randolph,MEM,NYK,M. Conley,/players/c/conlemi01.html,MEM,NYK,M. Gasol,/players/g/gasolma01.html,K. Martin,/players/m/martike01.html,1
201303270CHI,https://www.basketball-reference.com/boxscores/pbp/201303270CHI.html,Chicago Bulls,Miami Heat,CHI,MIA,N. Mohammed,C. Bosh,J. Butler,MIA,CHI,L. James,/players/j/jamesle01.html,CHI,MIA,C. Bosh,/players/b/boshch01.html,N. Mohammed,/players/m/mohamna01.html,0
201303270HOU,https://www.basketball-reference.com/boxscores/pbp/201303270HOU.html,Houston Rockets,Indiana Pacers,HOU,IND,Ö. Aşık,R. Hibbert,R. Hibbert,HOU,IND,J. Harden,/players/h/hardeja01.html,IND,HOU,Ö. Aşık,/players/a/asikom01.html,R. Hibbert,/players/h/hibbero01.html,0
201303270MIN,https://www.basketball-reference.com/boxscores/pbp/201303270MIN.html,Minnesota Timberwolves,Los Angeles Lakers,MIN,LAL,N. Peković,D. Howard,D. Howard,MIN,LAL,R. Rubio,/players/r/rubiori01.html,LAL,MIN,N. Peković,/players/p/pekovni01.html,D. Howard,/players/h/howardw01.html,0
201303270NOH,https://www.basketball-reference.com/boxscores/pbp/201303270NOH.html,New Orleans Hornets,Los Angeles Clippers,NOH,LAC,R. Lopez,D. Jordan,D. Jordan,LAC,NOH,C. Paul,/players/p/paulch01.html,LAC,NOH,D. Jordan,/players/j/jordade01.html,R. Lopez,/players/l/lopezro01.html,1
201303270OKC,https://www.basketball-reference.com/boxscores/pbp/201303270OKC.html,Oklahoma City Thunder,Washington Wizards,OKC,WAS,S. Ibaka,E. Okafor,R. Westbrook,WAS,OKC,J. Wall,/players/w/walljo01.html,OKC,WAS,E. Okafor,/players/o/okafoem01.html,S. Ibaka,/players/i/ibakase01.html,0
201303270SAS,https://www.basketball-reference.com/boxscores/pbp/201303270SAS.html,San Antonio Spurs,Denver Nuggets,SAS,DEN,T. Duncan,K. Koufos,D. Green,DEN,SAS,T. Lawson,/players/l/lawsoty01.html,SAS,DEN,K. Koufos,/players/k/koufoko01.html,T. Duncan,/players/d/duncati01.html,0
201303270UTA,https://www.basketball-reference.com/boxscores/pbp/201303270UTA.html,Utah Jazz,Phoenix Suns,UTA,PHO,A. Jefferson,M. Morris,A. Jefferson,UTA,PHO,M. Williams,/players/w/willima01.html,UTA,PHO,A. Jefferson,/players/j/jeffeal01.html,M. Morris,/players/m/morrima02.html,1
201303270GSW,https://www.basketball-reference.com/boxscores/pbp/201303270GSW.html,Golden State Warriors,Sacramento Kings,GSW,SAC,A. Bogut,J. Thompson,J. Salmons,SAC,GSW,I. Thomas,/players/t/thomais02.html,SAC,GSW,J. Thompson,/players/t/thompja02.html,A. Bogut,/players/b/bogutan01.html,1
201303270POR,https://www.basketball-reference.com/boxscores/pbp/201303270POR.html,Portland Trail Blazers,Brooklyn Nets,POR,BRK,L. Aldridge,B. Lopez,L. Aldridge,POR,BRK,N. Batum,/players/b/batumni01.html,POR,BRK,L. Aldridge,/players/a/aldrila01.html,B. Lopez,/players/l/lopezbr01.html,1
201303280MIL,https://www.basketball-reference.com/boxscores/pbp/201303280MIL.html,Milwaukee Bucks,Los Angeles Lakers,MIL,LAL,L. Sanders,D. Howard,E. İlyasova,MIL,LAL,B. Jennings,/players/j/jennibr01.html,MIL,LAL,L. Sanders,/players/s/sandela01.html,D. Howard,/players/h/howardw01.html,1
201303280DAL,https://www.basketball-reference.com/boxscores/pbp/201303280DAL.html,Dallas Mavericks,Indiana Pacers,DAL,IND,B. Wright,R. Hibbert,S. Marion,IND,DAL,D. West,/players/w/westda01.html,DAL,IND,R. Hibbert,/players/h/hibbero01.html,B. Wright,/players/w/wrighbr03.html,0
201303280PHO,https://www.basketball-reference.com/boxscores/pbp/201303280PHO.html,Phoenix Suns,Sacramento Kings,PHO,SAC,M. Morris,J. Thompson,P. Tucker,SAC,PHO,I. Thomas,/players/t/thomais02.html,PHO,SAC,J. Thompson,/players/t/thompja02.html,M. Morris,/players/m/morrima02.html,0
201303290ORL,https://www.basketball-reference.com/boxscores/pbp/201303290ORL.html,Orlando Magic,Washington Wizards,ORL,WAS,K. O'Quinn,E. Okafor,T. Harris,ORL,WAS,T. Harris,/players/h/harrito02.html,ORL,WAS,K. O'Quinn,/players/o/oquinky01.html,E. Okafor,/players/o/okafoem01.html,1
201303290BOS,https://www.basketball-reference.com/boxscores/pbp/201303290BOS.html,Boston Celtics,Atlanta Hawks,BOS,ATL,C. Wilcox,J. Petro,I. Johnson,ATL,BOS,J. Teague,/players/t/teaguje01.html,ATL,BOS,J. Petro,/players/p/petrojo01.html,C. Wilcox,/players/w/wilcoch01.html,1
201303290CLE,https://www.basketball-reference.com/boxscores/pbp/201303290CLE.html,Cleveland Cavaliers,Philadelphia 76ers,CLE,PHI,T. Zeller,S. Hawes,W. Ellington,CLE,PHI,T. Thompson,/players/t/thomptr01.html,CLE,PHI,T. Zeller,/players/z/zellety01.html,S. Hawes,/players/h/hawessp01.html,1
201303290DET,https://www.basketball-reference.com/boxscores/pbp/201303290DET.html,Detroit Pistons,Toronto Raptors,DET,TOR,A. Drummond,A. Johnson,A. Drummond,DET,TOR,G. Monroe,/players/m/monrogr01.html,DET,TOR,A. Drummond,/players/d/drumman01.html,A. Johnson,/players/j/johnsam01.html,1
201303290NYK,https://www.basketball-reference.com/boxscores/pbp/201303290NYK.html,New York Knicks,Charlotte Bobcats,NYK,CHA,K. Martin,B. Biyombo,G. Henderson,NYK,CHA,R. Felton,/players/f/feltora01.html,CHA,NYK,K. Martin,/players/m/martike01.html,B. Biyombo,/players/b/biyombi01.html,0
201303290MEM,https://www.basketball-reference.com/boxscores/pbp/201303290MEM.html,Memphis Grizzlies,Houston Rockets,MEM,HOU,M. Gasol,Ö. Aşık,M. Conley,MEM,HOU,Z. Randolph,/players/r/randoza01.html,MEM,HOU,M. Gasol,/players/g/gasolma01.html,Ö. Aşık,/players/a/asikom01.html,1
201303290MIN,https://www.basketball-reference.com/boxscores/pbp/201303290MIN.html,Minnesota Timberwolves,Oklahoma City Thunder,MIN,OKC,N. Peković,S. Ibaka,L. Ridnour,MIN,OKC,R. Rubio,/players/r/rubiori01.html,MIN,OKC,N. Peković,/players/p/pekovni01.html,S. Ibaka,/players/i/ibakase01.html,1
201303290NOH,https://www.basketball-reference.com/boxscores/pbp/201303290NOH.html,New Orleans Hornets,Miami Heat,NOH,MIA,R. Lopez,C. Bosh,U. Haslem,MIA,NOH,U. Haslem,/players/h/hasleud01.html,MIA,NOH,C. Bosh,/players/b/boshch01.html,R. Lopez,/players/l/lopezro01.html,1
201303290SAS,https://www.basketball-reference.com/boxscores/pbp/201303290SAS.html,San Antonio Spurs,Los Angeles Clippers,SAS,LAC,T. Duncan,D. Jordan,T. Splitter,SAS,LAC,T. Parker,/players/p/parketo01.html,SAS,LAC,T. Duncan,/players/d/duncati01.html,D. Jordan,/players/j/jordade01.html,1
201303290DEN,https://www.basketball-reference.com/boxscores/pbp/201303290DEN.html,Denver Nuggets,Brooklyn Nets,DEN,BRK,K. Koufos,B. Lopez,K. Koufos,DEN,BRK,D. Gallinari,/players/g/gallida01.html,DEN,BRK,K. Koufos,/players/k/koufoko01.html,B. Lopez,/players/l/lopezbr01.html,1
201303290POR,https://www.basketball-reference.com/boxscores/pbp/201303290POR.html,Portland Trail Blazers,Utah Jazz,POR,UTA,M. Leonard,A. Jefferson,M. Leonard,POR,UTA,N. Batum,/players/b/batumni01.html,POR,UTA,M. Leonard,/players/l/leoname01.html,A. Jefferson,/players/j/jeffeal01.html,1
201303300DAL,https://www.basketball-reference.com/boxscores/pbp/201303300DAL.html,Dallas Mavericks,Chicago Bulls,DAL,CHI,E. Brand,N. Mohammed,L. Deng,CHI,DAL,J. Butler,/players/b/butleji01.html,CHI,DAL,N. Mohammed,/players/m/mohamna01.html,E. Brand,/players/b/brandel01.html,1
201303300ATL,https://www.basketball-reference.com/boxscores/pbp/201303300ATL.html,Atlanta Hawks,Orlando Magic,ATL,ORL,J. Petro,N. Vučević,B. Udrih,ORL,ATL,T. Harris,/players/h/harrito02.html,ORL,ATL,N. Vučević,/players/v/vucevni01.html,J. Petro,/players/p/petrojo01.html,1
201303300HOU,https://www.basketball-reference.com/boxscores/pbp/201303300HOU.html,Houston Rockets,Los Angeles Clippers,HOU,LAC,Ö. Aşık,D. Jordan,G. Smith,HOU,LAC,J. Lin,/players/l/linje01.html,HOU,LAC,Ö. Aşık,/players/a/asikom01.html,D. Jordan,/players/j/jordade01.html,1
201303300MIN,https://www.basketball-reference.com/boxscores/pbp/201303300MIN.html,Minnesota Timberwolves,Memphis Grizzlies,MIN,MEM,G. Stiemsma,M. Gasol,R. Rubio,MEM,MIN,M. Conley,/players/c/conlemi01.html,MIN,MEM,M. Gasol,/players/g/gasolma01.html,G. Stiemsma,/players/s/stiemgr01.html,0
201303300PHI,https://www.basketball-reference.com/boxscores/pbp/201303300PHI.html,Philadelphia 76ers,Charlotte Bobcats,PHI,CHA,S. Hawes,B. Biyombo,G. Henderson,CHA,PHI,J. McRoberts,/players/m/mcrobjo01.html,CHA,PHI,B. Biyombo,/players/b/biyombi01.html,S. Hawes,/players/h/hawessp01.html,1
201303300MIL,https://www.basketball-reference.com/boxscores/pbp/201303300MIL.html,Milwaukee Bucks,Oklahoma City Thunder,MIL,OKC,L. Sanders,S. Ibaka,B. Jennings,MIL,OKC,B. Jennings,/players/j/jennibr01.html,MIL,OKC,L. Sanders,/players/s/sandela01.html,S. Ibaka,/players/i/ibakase01.html,1
201303300UTA,https://www.basketball-reference.com/boxscores/pbp/201303300UTA.html,Utah Jazz,Brooklyn Nets,UTA,BRK,A. Jefferson,B. Lopez,M. Williams,BRK,UTA,D. Williams,/players/w/willide01.html,UTA,BRK,B. Lopez,/players/l/lopezbr01.html,A. Jefferson,/players/j/jeffeal01.html,0
201303300PHO,https://www.basketball-reference.com/boxscores/pbp/201303300PHO.html,Phoenix Suns,Indiana Pacers,PHO,IND,M. Morris,R. Hibbert,W. Johnson,PHO,IND,G. Dragić,/players/d/dragigo01.html,PHO,IND,M. Morris,/players/m/morrima02.html,R. Hibbert,/players/h/hibbero01.html,1
201303300SAC,https://www.basketball-reference.com/boxscores/pbp/201303300SAC.html,Sacramento Kings,Los Angeles Lakers,SAC,LAL,J. Thompson,D. Howard,J. Thompson,LAL,SAC,S. Nash,/players/n/nashst01.html,SAC,LAL,D. Howard,/players/h/howardw01.html,J. Thompson,/players/t/thompja02.html,0
201303300GSW,https://www.basketball-reference.com/boxscores/pbp/201303300GSW.html,Golden State Warriors,Portland Trail Blazers,GSW,POR,A. Bogut,M. Leonard,M. Leonard,POR,GSW,W. Matthews,/players/m/matthwe02.html,POR,GSW,M. Leonard,/players/l/leoname01.html,A. Bogut,/players/b/bogutan01.html,1
201303310NOH,https://www.basketball-reference.com/boxscores/pbp/201303310NOH.html,New Orleans Hornets,Cleveland Cavaliers,NOH,CLE,A. Davis,T. Zeller,W. Ellington,NOH,CLE,A. Aminu,/players/a/aminual01.html,CLE,NOH,A. Davis,/players/d/davisan02.html,T. Zeller,/players/z/zellety01.html,0
201303310WAS,https://www.basketball-reference.com/boxscores/pbp/201303310WAS.html,Washington Wizards,Toronto Raptors,WAS,TOR,E. Okafor,A. Johnson,D. DeRozan,TOR,WAS,K. Lowry,/players/l/lowryky01.html,TOR,WAS,A. Johnson,/players/j/johnsam01.html,E. Okafor,/players/o/okafoem01.html,1
201303310CHI,https://www.basketball-reference.com/boxscores/pbp/201303310CHI.html,Chicago Bulls,Detroit Pistons,CHI,DET,N. Mohammed,A. Drummond,J. Butler,CHI,DET,C. Boozer,/players/b/boozeca01.html,CHI,DET,N. Mohammed,/players/m/mohamna01.html,A. Drummond,/players/d/drumman01.html,1
201303310SAS,https://www.basketball-reference.com/boxscores/pbp/201303310SAS.html,San Antonio Spurs,Miami Heat,SAS,MIA,T. Duncan,C. Bosh,C. Bosh,MIA,SAS,R. Lewis,/players/l/lewisra02.html,MIA,SAS,C. Bosh,/players/b/boshch01.html,T. Duncan,/players/d/duncati01.html,1
201303310NYK,https://www.basketball-reference.com/boxscores/pbp/201303310NYK.html,New York Knicks,Boston Celtics,NYK,BOS,K. Martin,C. Wilcox,B. Bass,BOS,NYK,B. Bass,/players/b/bassbr01.html,BOS,NYK,C. Wilcox,/players/w/wilcoch01.html,K. Martin,/players/m/martike01.html,1
201304010ATL,https://www.basketball-reference.com/boxscores/pbp/201304010ATL.html,Atlanta Hawks,Cleveland Cavaliers,ATL,CLE,J. Smith,T. Zeller,D. Harris,ATL,CLE,J. Teague,/players/t/teaguje01.html,ATL,CLE,J. Smith,/players/s/smithjo03.html,T. Zeller,/players/z/zellety01.html,1
201304010HOU,https://www.basketball-reference.com/boxscores/pbp/201304010HOU.html,Houston Rockets,Orlando Magic,HOU,ORL,Ö. Aşık,N. Vučević,G. Smith,HOU,ORL,J. Lin,/players/l/linje01.html,HOU,ORL,Ö. Aşık,/players/a/asikom01.html,N. Vučević,/players/v/vucevni01.html,1
201304010MEM,https://www.basketball-reference.com/boxscores/pbp/201304010MEM.html,Memphis Grizzlies,San Antonio Spurs,MEM,SAS,,,,,,,,,,,,
201304010MIL,https://www.basketball-reference.com/boxscores/pbp/201304010MIL.html,Milwaukee Bucks,Charlotte Bobcats,MIL,CHA,L. Sanders,B. Biyombo,M. Daniels,MIL,CHA,E. İlyasova,/players/i/ilyaser01.html,MIL,CHA,L. Sanders,/players/s/sandela01.html,B. Biyombo,/players/b/biyombi01.html,1
201304010MIN,https://www.basketball-reference.com/boxscores/pbp/201304010MIN.html,Minnesota Timberwolves,Boston Celtics,MIN,BOS,N. Peković,C. Wilcox,A. Bradley,BOS,MIN,J. Green,/players/g/greenje02.html,BOS,MIN,C. Wilcox,/players/w/wilcoch01.html,N. Peković,/players/p/pekovni01.html,1
201304010UTA,https://www.basketball-reference.com/boxscores/pbp/201304010UTA.html,Utah Jazz,Portland Trail Blazers,UTA,POR,A. Jefferson,M. Leonard,G. Hayward,UTA,POR,M. Williams,/players/w/willima01.html,UTA,POR,A. Jefferson,/players/j/jeffeal01.html,M. Leonard,/players/l/leoname01.html,1
201304010LAC,https://www.basketball-reference.com/boxscores/pbp/201304010LAC.html,Los Angeles Clippers,Indiana Pacers,LAC,IND,D. Jordan,R. Hibbert,P. George,LAC,IND,B. Griffin,/players/g/griffbl01.html,IND,LAC,D. Jordan,/players/j/jordade01.html,R. Hibbert,/players/h/hibbero01.html,0
201304020WAS,https://www.basketball-reference.com/boxscores/pbp/201304020WAS.html,Washington Wizards,Chicago Bulls,WAS,CHI,E. Okafor,N. Mohammed,L. Deng,CHI,WAS,J. Butler,/players/b/butleji01.html,CHI,WAS,N. Mohammed,/players/m/mohamna01.html,E. Okafor,/players/o/okafoem01.html,1
201304020MIA,https://www.basketball-reference.com/boxscores/pbp/201304020MIA.html,Miami Heat,New York Knicks,MIA,NYK,C. Bosh,T. Chandler,C. Anthony,MIA,NYK,N. Cole,/players/c/coleno01.html,NYK,MIA,C. Bosh,/players/b/boshch01.html,T. Chandler,/players/c/chandty01.html,0
201304020LAL,https://www.basketball-reference.com/boxscores/pbp/201304020LAL.html,Los Angeles Lakers,Dallas Mavericks,LAL,DAL,D. Howard,C. Kaman,D. Howard,LAL,DAL,S. Blake,/players/b/blakest01.html,LAL,DAL,D. Howard,/players/h/howardw01.html,C. Kaman,/players/k/kamanch01.html,1
201304030ATL,https://www.basketball-reference.com/boxscores/pbp/201304030ATL.html,Atlanta Hawks,New York Knicks,ATL,NYK,J. Smith,T. Chandler,C. Anthony,NYK,ATL,P. Prigioni,/players/p/prigipa01.html,NYK,ATL,T. Chandler,/players/c/chandty01.html,J. Smith,/players/s/smithjo03.html,1
201304030CHA,https://www.basketball-reference.com/boxscores/pbp/201304030CHA.html,Charlotte Bobcats,Philadelphia 76ers,CHA,PHI,B. Biyombo,S. Hawes,G. Henderson,CHA,PHI,K. Walker,/players/w/walkeke02.html,CHA,PHI,B. Biyombo,/players/b/biyombi01.html,S. Hawes,/players/h/hawessp01.html,1
201304030CLE,https://www.basketball-reference.com/boxscores/pbp/201304030CLE.html,Cleveland Cavaliers,Brooklyn Nets,CLE,BRK,T. Zeller,B. Lopez,A. Gee,CLE,BRK,K. Irving,/players/i/irvinky01.html,CLE,BRK,T. Zeller,/players/z/zellety01.html,B. Lopez,/players/l/lopezbr01.html,1
201304030TOR,https://www.basketball-reference.com/boxscores/pbp/201304030TOR.html,Toronto Raptors,Washington Wizards,TOR,WAS,A. Johnson,E. Okafor,K. Lowry,WAS,TOR,J. Wall,/players/w/walljo01.html,TOR,WAS,E. Okafor,/players/o/okafoem01.html,A. Johnson,/players/j/johnsam01.html,0
201304030BOS,https://www.basketball-reference.com/boxscores/pbp/201304030BOS.html,Boston Celtics,Detroit Pistons,BOS,DET,C. Wilcox,A. Drummond,A. Drummond,DET,BOS,R. Stuckey,/players/s/stuckro01.html,DET,BOS,A. Drummond,/players/d/drumman01.html,C. Wilcox,/players/w/wilcoch01.html,1
201304030MIL,https://www.basketball-reference.com/boxscores/pbp/201304030MIL.html,Milwaukee Bucks,Minnesota Timberwolves,MIL,MIN,L. Sanders,N. Peković,N. Peković,MIL,MIN,E. İlyasova,/players/i/ilyaser01.html,MIN,MIL,L. Sanders,/players/s/sandela01.html,N. Peković,/players/p/pekovni01.html,0
201304030SAS,https://www.basketball-reference.com/boxscores/pbp/201304030SAS.html,San Antonio Spurs,Orlando Magic,SAS,ORL,T. Duncan,N. Vučević,T. Duncan,SAS,ORL,N. De Colo,/players/d/decolna01.html,SAS,ORL,T. Duncan,/players/d/duncati01.html,N. Vučević,/players/v/vucevni01.html,1
201304030UTA,https://www.basketball-reference.com/boxscores/pbp/201304030UTA.html,Utah Jazz,Denver Nuggets,UTA,DEN,A. Jefferson,K. Koufos,A. Miller,DEN,UTA,A. Miller,/players/m/millean02.html,DEN,UTA,K. Koufos,/players/k/koufoko01.html,A. Jefferson,/players/j/jeffeal01.html,1
201304030POR,https://www.basketball-reference.com/boxscores/pbp/201304030POR.html,Portland Trail Blazers,Memphis Grizzlies,POR,MEM,M. Leonard,M. Gasol,T. Allen,MEM,POR,M. Conley,/players/c/conlemi01.html,MEM,POR,M. Gasol,/players/g/gasolma01.html,M. Leonard,/players/l/leoname01.html,1
201304030SAC,https://www.basketball-reference.com/boxscores/pbp/201304030SAC.html,Sacramento Kings,Houston Rockets,SAC,HOU,J. Thompson,Ö. Aşık,G. Smith,SAC,HOU,I. Thomas,/players/t/thomais02.html,HOU,SAC,J. Thompson,/players/t/thompja02.html,Ö. Aşık,/players/a/asikom01.html,0
201304030GSW,https://www.basketball-reference.com/boxscores/pbp/201304030GSW.html,Golden State Warriors,New Orleans Hornets,GSW,NOH,A. Bogut,A. Davis,H. Barnes,GSW,NOH,S. Curry,/players/c/curryst01.html,GSW,NOH,A. Bogut,/players/b/bogutan01.html,A. Davis,/players/d/davisan02.html,1
201304030LAC,https://www.basketball-reference.com/boxscores/pbp/201304030LAC.html,Los Angeles Clippers,Phoenix Suns,LAC,PHO,D. Jordan,M. Morris,B. Griffin,LAC,PHO,C. Paul,/players/p/paulch01.html,LAC,PHO,D. Jordan,/players/j/jordade01.html,M. Morris,/players/m/morrima02.html,1
201304040BRK,https://www.basketball-reference.com/boxscores/pbp/201304040BRK.html,Brooklyn Nets,Chicago Bulls,BRK,CHI,B. Lopez,N. Mohammed,B. Lopez,BRK,CHI,D. Williams,/players/w/willide01.html,BRK,CHI,B. Lopez,/players/l/lopezbr01.html,N. Mohammed,/players/m/mohamna01.html,1
201304040DEN,https://www.basketball-reference.com/boxscores/pbp/201304040DEN.html,Denver Nuggets,Dallas Mavericks,DEN,DAL,K. Koufos,C. Kaman,O. Mayo,DEN,DAL,A. Miller,/players/m/millean02.html,DAL,DEN,K. Koufos,/players/k/koufoko01.html,C. Kaman,/players/k/kamanch01.html,0
201304040OKC,https://www.basketball-reference.com/boxscores/pbp/201304040OKC.html,Oklahoma City Thunder,San Antonio Spurs,OKC,SAS,S. Ibaka,T. Duncan,T. Sefolosha,SAS,OKC,T. Parker,/players/p/parketo01.html,OKC,SAS,T. Duncan,/players/d/duncati01.html,S. Ibaka,/players/i/ibakase01.html,0
201304050ATL,https://www.basketball-reference.com/boxscores/pbp/201304050ATL.html,Atlanta Hawks,Philadelphia 76ers,ATL,PHI,J. Smith,S. Hawes,J. Teague,PHI,ATL,J. Holiday,/players/h/holidjr01.html,ATL,PHI,S. Hawes,/players/h/hawessp01.html,J. Smith,/players/s/smithjo03.html,0
201304050BOS,https://www.basketball-reference.com/boxscores/pbp/201304050BOS.html,Boston Celtics,Cleveland Cavaliers,BOS,CLE,C. Wilcox,T. Zeller,C. Wilcox,BOS,CLE,B. Bass,/players/b/bassbr01.html,BOS,CLE,C. Wilcox,/players/w/wilcoch01.html,T. Zeller,/players/z/zellety01.html,1
201304050NYK,https://www.basketball-reference.com/boxscores/pbp/201304050NYK.html,New York Knicks,Milwaukee Bucks,NYK,MIL,T. Chandler,L. Sanders,C. Anthony,MIL,NYK,M. Daniels,/players/d/daniema01.html,NYK,MIL,L. Sanders,/players/s/sandela01.html,T. Chandler,/players/c/chandty01.html,0
201304050CHA,https://www.basketball-reference.com/boxscores/pbp/201304050CHA.html,Charlotte Bobcats,Miami Heat,CHA,MIA,B. Biyombo,C. Bosh,J. McRoberts,CHA,MIA,J. McRoberts,/players/m/mcrobjo01.html,CHA,MIA,B. Biyombo,/players/b/biyombi01.html,C. Bosh,/players/b/boshch01.html,1
201304050CHI,https://www.basketball-reference.com/boxscores/pbp/201304050CHI.html,Chicago Bulls,Orlando Magic,CHI,ORL,N. Mohammed,N. Vučević,N. Vučević,ORL,CHI,B. Udrih,/players/u/udrihbe01.html,ORL,CHI,N. Vučević,/players/v/vucevni01.html,N. Mohammed,/players/m/mohamna01.html,1
201304050IND,https://www.basketball-reference.com/boxscores/pbp/201304050IND.html,Indiana Pacers,Oklahoma City Thunder,IND,OKC,R. Hibbert,S. Ibaka,R. Westbrook,OKC,IND,K. Durant,/players/d/duranke01.html,OKC,IND,S. Ibaka,/players/i/ibakase01.html,R. Hibbert,/players/h/hibbero01.html,1
201304050MIN,https://www.basketball-reference.com/boxscores/pbp/201304050MIN.html,Minnesota Timberwolves,Toronto Raptors,MIN,TOR,N. Peković,J. Valančiūnas,D. DeRozan,TOR,MIN,D. DeRozan,/players/d/derozde01.html,TOR,MIN,J. Valančiūnas,/players/v/valanjo01.html,N. Peković,/players/p/pekovni01.html,1
201304050UTA,https://www.basketball-reference.com/boxscores/pbp/201304050UTA.html,Utah Jazz,New Orleans Hornets,UTA,NOH,A. Jefferson,R. Lopez,R. Lopez,UTA,NOH,P. Millsap,/players/m/millspa01.html,NOH,UTA,A. Jefferson,/players/j/jeffeal01.html,R. Lopez,/players/l/lopezro01.html,0
201304050PHO,https://www.basketball-reference.com/boxscores/pbp/201304050PHO.html,Phoenix Suns,Golden State Warriors,PHO,GSW,M. Morris,A. Bogut,K. Thompson,GSW,PHO,D. Lee,/players/l/leeda02.html,GSW,PHO,A. Bogut,/players/b/bogutan01.html,M. Morris,/players/m/morrima02.html,1
201304050SAC,https://www.basketball-reference.com/boxscores/pbp/201304050SAC.html,Sacramento Kings,Dallas Mavericks,SAC,DAL,,,,,,,,,,,,
201304050LAL,https://www.basketball-reference.com/boxscores/pbp/201304050LAL.html,Los Angeles Lakers,Memphis Grizzlies,LAL,MEM,D. Howard,M. Gasol,T. Prince,LAL,MEM,S. Blake,/players/b/blakest01.html,MEM,LAL,D. Howard,/players/h/howardw01.html,M. Gasol,/players/g/gasolma01.html,0
201304050POR,https://www.basketball-reference.com/boxscores/pbp/201304050POR.html,Portland Trail Blazers,Houston Rockets,POR,HOU,J. Hickson,Ö. Aşık,G. Smith,POR,HOU,D. Lillard,/players/l/lillada01.html,HOU,POR,J. Hickson,/players/h/hicksjj01.html,Ö. Aşık,/players/a/asikom01.html,0
201304060WAS,https://www.basketball-reference.com/boxscores/pbp/201304060WAS.html,Washington Wizards,Indiana Pacers,WAS,IND,E. Okafor,R. Hibbert,M. Webster,WAS,IND,J. Wall,/players/w/walljo01.html,WAS,IND,E. Okafor,/players/o/okafoem01.html,R. Hibbert,/players/h/hibbero01.html,1
201304060BRK,https://www.basketball-reference.com/boxscores/pbp/201304060BRK.html,Brooklyn Nets,Charlotte Bobcats,BRK,CHA,B. Lopez,B. Biyombo,K. Walker,CHA,BRK,G. Henderson,/players/h/hendege02.html,CHA,BRK,B. Biyombo,/players/b/biyombi01.html,B. Lopez,/players/l/lopezbr01.html,1
201304060MIA,https://www.basketball-reference.com/boxscores/pbp/201304060MIA.html,Miami Heat,Philadelphia 76ers,MIA,PHI,J. Anthony,S. Hawes,M. Chalmers,PHI,MIA,T. Young,/players/y/youngth01.html,MIA,PHI,S. Hawes,/players/h/hawessp01.html,J. Anthony,/players/a/anthojo01.html,0
201304060MIN,https://www.basketball-reference.com/boxscores/pbp/201304060MIN.html,Minnesota Timberwolves,Detroit Pistons,MIN,DET,N. Peković,A. Drummond,G. Monroe,DET,MIN,J. Calderón,/players/c/caldejo01.html,DET,MIN,A. Drummond,/players/d/drumman01.html,N. Peković,/players/p/pekovni01.html,1
201304060MIL,https://www.basketball-reference.com/boxscores/pbp/201304060MIL.html,Milwaukee Bucks,Toronto Raptors,MIL,TOR,L. Sanders,J. Valančiūnas,J. Valančiūnas,TOR,MIL,D. DeRozan,/players/d/derozde01.html,TOR,MIL,J. Valančiūnas,/players/v/valanjo01.html,L. Sanders,/players/s/sandela01.html,1
201304060SAS,https://www.basketball-reference.com/boxscores/pbp/201304060SAS.html,San Antonio Spurs,Atlanta Hawks,SAS,ATL,T. Duncan,J. Petro,D. Jones,ATL,SAS,J. Teague,/players/t/teaguje01.html,ATL,SAS,J. Petro,/players/p/petrojo01.html,T. Duncan,/players/d/duncati01.html,1
201304060DEN,https://www.basketball-reference.com/boxscores/pbp/201304060DEN.html,Denver Nuggets,Houston Rockets,DEN,HOU,K. Koufos,Ö. Aşık,A. Iguodala,DEN,HOU,W. Chandler,/players/c/chandwi01.html,DEN,HOU,K. Koufos,/players/k/koufoko01.html,Ö. Aşık,/players/a/asikom01.html,1
201304070OKC,https://www.basketball-reference.com/boxscores/pbp/201304070OKC.html,Oklahoma City Thunder,New York Knicks,OKC,NYK,S. Ibaka,T. Chandler,C. Anthony,NYK,OKC,R. Felton,/players/f/feltora01.html,NYK,OKC,T. Chandler,/players/c/chandty01.html,S. Ibaka,/players/i/ibakase01.html,1
201304070LAC,https://www.basketball-reference.com/boxscores/pbp/201304070LAC.html,Los Angeles Clippers,Los Angeles Lakers,LAC,LAL,D. Jordan,D. Howard,B. Griffin,LAC,LAL,C. Paul,/players/p/paulch01.html,LAC,LAL,D. Jordan,/players/j/jordade01.html,D. Howard,/players/h/howardw01.html,1
201304070BOS,https://www.basketball-reference.com/boxscores/pbp/201304070BOS.html,Boston Celtics,Washington Wizards,BOS,WAS,K. Garnett,E. Okafor,J. Green,BOS,WAS,B. Bass,/players/b/bassbr01.html,BOS,WAS,K. Garnett,/players/g/garneke01.html,E. Okafor,/players/o/okafoem01.html,1
201304070CLE,https://www.basketball-reference.com/boxscores/pbp/201304070CLE.html,Cleveland Cavaliers,Orlando Magic,CLE,ORL,T. Zeller,N. Vučević,M. Harkless,ORL,CLE,B. Udrih,/players/u/udrihbe01.html,ORL,CLE,N. Vučević,/players/v/vucevni01.html,T. Zeller,/players/z/zellety01.html,1
201304070SAC,https://www.basketball-reference.com/boxscores/pbp/201304070SAC.html,Sacramento Kings,Memphis Grizzlies,SAC,MEM,J. Thompson,M. Gasol,D. Cousins,MEM,SAC,M. Conley,/players/c/conlemi01.html,SAC,MEM,M. Gasol,/players/g/gasolma01.html,J. Thompson,/players/t/thompja02.html,0
201304070DET,https://www.basketball-reference.com/boxscores/pbp/201304070DET.html,Detroit Pistons,Chicago Bulls,DET,CHI,A. Drummond,J. Noah,N. Robinson,DET,CHI,G. Monroe,/players/m/monrogr01.html,CHI,DET,A. Drummond,/players/d/drumman01.html,J. Noah,/players/n/noahjo01.html,0
201304070GSW,https://www.basketball-reference.com/boxscores/pbp/201304070GSW.html,Golden State Warriors,Utah Jazz,GSW,UTA,A. Bogut,A. Jefferson,S. Curry,GSW,UTA,S. Curry,/players/c/curryst01.html,GSW,UTA,A. Bogut,/players/b/bogutan01.html,A. Jefferson,/players/j/jeffeal01.html,1
201304070PHO,https://www.basketball-reference.com/boxscores/pbp/201304070PHO.html,Phoenix Suns,New Orleans Hornets,PHO,NOH,M. Morris,R. Lopez,W. Johnson,NOH,PHO,A. Davis,/players/d/davisan02.html,PHO,NOH,R. Lopez,/players/l/lopezro01.html,M. Morris,/players/m/morrima02.html,0
201304070POR,https://www.basketball-reference.com/boxscores/pbp/201304070POR.html,Portland Trail Blazers,Dallas Mavericks,POR,DAL,J. Hickson,C. Kaman,C. Kaman,DAL,POR,D. Nowitzki,/players/n/nowitdi01.html,DAL,POR,C. Kaman,/players/k/kamanch01.html,J. Hickson,/players/h/hicksjj01.html,1
201304090IND,https://www.basketball-reference.com/boxscores/pbp/201304090IND.html,Indiana Pacers,Cleveland Cavaliers,IND,CLE,R. Hibbert,T. Zeller,K. Irving,CLE,IND,T. Thompson,/players/t/thomptr01.html,CLE,IND,T. Zeller,/players/z/zellety01.html,R. Hibbert,/players/h/hibbero01.html,1
201304090BRK,https://www.basketball-reference.com/boxscores/pbp/201304090BRK.html,Brooklyn Nets,Philadelphia 76ers,BRK,PHI,B. Lopez,S. Hawes,B. Lopez,PHI,BRK,J. Holiday,/players/h/holidjr01.html,BRK,PHI,S. Hawes,/players/h/hawessp01.html,B. Lopez,/players/l/lopezbr01.html,0
201304090MIA,https://www.basketball-reference.com/boxscores/pbp/201304090MIA.html,Miami Heat,Milwaukee Bucks,MIA,MIL,S. Battier,L. Sanders,U. Haslem,MIA,MIL,L. James,/players/j/jamesle01.html,MIA,MIL,S. Battier,/players/b/battish01.html,L. Sanders,/players/s/sandela01.html,1
201304090NYK,https://www.basketball-reference.com/boxscores/pbp/201304090NYK.html,New York Knicks,Washington Wizards,NYK,WAS,K. Martin,E. Okafor,M. Webster,NYK,WAS,P. Prigioni,/players/p/prigipa01.html,WAS,NYK,K. Martin,/players/m/martike01.html,E. Okafor,/players/o/okafoem01.html,0
201304090CHI,https://www.basketball-reference.com/boxscores/pbp/201304090CHI.html,Chicago Bulls,Toronto Raptors,CHI,TOR,N. Mohammed,J. Valančiūnas,D. DeRozan,TOR,CHI,K. Lowry,/players/l/lowryky01.html,TOR,CHI,J. Valančiūnas,/players/v/valanjo01.html,N. Mohammed,/players/m/mohamna01.html,1
201304090HOU,https://www.basketball-reference.com/boxscores/pbp/201304090HOU.html,Houston Rockets,Phoenix Suns,HOU,PHO,Ö. Aşık,M. Morris,L. Scola,HOU,PHO,J. Lin,/players/l/linje01.html,PHO,HOU,Ö. Aşık,/players/a/asikom01.html,M. Morris,/players/m/morrima02.html,0
201304090MEM,https://www.basketball-reference.com/boxscores/pbp/201304090MEM.html,Memphis Grizzlies,Charlotte Bobcats,MEM,CHA,M. Gasol,B. Biyombo,G. Henderson,MEM,CHA,M. Conley,/players/c/conlemi01.html,CHA,MEM,M. Gasol,/players/g/gasolma01.html,B. Biyombo,/players/b/biyombi01.html,0
201304090UTA,https://www.basketball-reference.com/boxscores/pbp/201304090UTA.html,Utah Jazz,Oklahoma City Thunder,UTA,OKC,A. Jefferson,S. Ibaka,R. Westbrook,OKC,UTA,K. Perkins,/players/p/perkike01.html,OKC,UTA,S. Ibaka,/players/i/ibakase01.html,A. Jefferson,/players/j/jeffeal01.html,1
201304090GSW,https://www.basketball-reference.com/boxscores/pbp/201304090GSW.html,Golden State Warriors,Minnesota Timberwolves,GSW,MIN,A. Bogut,N. Peković,L. Ridnour,MIN,GSW,A. Kirilenko,/players/k/kirilan01.html,MIN,GSW,N. Peković,/players/p/pekovni01.html,A. Bogut,/players/b/bogutan01.html,1
201304090LAL,https://www.basketball-reference.com/boxscores/pbp/201304090LAL.html,Los Angeles Lakers,New Orleans Hornets,LAL,NOH,D. Howard,R. Lopez,D. Howard,LAL,NOH,S. Blake,/players/b/blakest01.html,LAL,NOH,D. Howard,/players/h/howardw01.html,R. Lopez,/players/l/lopezro01.html,1
201304100CLE,https://www.basketball-reference.com/boxscores/pbp/201304100CLE.html,Cleveland Cavaliers,Detroit Pistons,CLE,DET,T. Zeller,A. Drummond,R. Stuckey,DET,CLE,R. Stuckey,/players/s/stuckro01.html,DET,CLE,A. Drummond,/players/d/drumman01.html,T. Zeller,/players/z/zellety01.html,1
201304100ORL,https://www.basketball-reference.com/boxscores/pbp/201304100ORL.html,Orlando Magic,Milwaukee Bucks,ORL,MIL,N. Vučević,L. Sanders,B. Jennings,MIL,ORL,B. Jennings,/players/j/jennibr01.html,MIL,ORL,L. Sanders,/players/s/sandela01.html,N. Vučević,/players/v/vucevni01.html,1
201304100PHI,https://www.basketball-reference.com/boxscores/pbp/201304100PHI.html,Philadelphia 76ers,Atlanta Hawks,PHI,ATL,S. Hawes,J. Smith,A. Horford,ATL,PHI,D. Harris,/players/h/harride01.html,ATL,PHI,J. Smith,/players/s/smithjo03.html,S. Hawes,/players/h/hawessp01.html,1
201304100WAS,https://www.basketball-reference.com/boxscores/pbp/201304100WAS.html,Washington Wizards,Miami Heat,WAS,MIA,E. Okafor,J. Anthony,M. Miller,MIA,WAS,S. Battier,/players/b/battish01.html,MIA,WAS,J. Anthony,/players/a/anthojo01.html,E. Okafor,/players/o/okafoem01.html,1
201304100BOS,https://www.basketball-reference.com/boxscores/pbp/201304100BOS.html,Boston Celtics,Brooklyn Nets,BOS,BRK,K. Garnett,B. Lopez,A. Bradley,BRK,BOS,G. Wallace,/players/w/wallage01.html,BOS,BRK,B. Lopez,/players/l/lopezbr01.html,K. Garnett,/players/g/garneke01.html,0
201304100DAL,https://www.basketball-reference.com/boxscores/pbp/201304100DAL.html,Dallas Mavericks,Phoenix Suns,DAL,PHO,C. Kaman,M. Morris,M. James,DAL,PHO,M. James,/players/j/jamesmi01.html,DAL,PHO,C. Kaman,/players/k/kamanch01.html,M. Morris,/players/m/morrima02.html,1
201304100POR,https://www.basketball-reference.com/boxscores/pbp/201304100POR.html,Portland Trail Blazers,Los Angeles Lakers,POR,LAL,M. Leonard,D. Howard,W. Barton,POR,LAL,L. Aldridge,/players/a/aldrila01.html,POR,LAL,M. Leonard,/players/l/leoname01.html,D. Howard,/players/h/howardw01.html,1
201304100SAC,https://www.basketball-reference.com/boxscores/pbp/201304100SAC.html,Sacramento Kings,New Orleans Hornets,SAC,NOH,J. Thompson,R. Lopez,R. Lopez,SAC,NOH,I. Thomas,/players/t/thomais02.html,NOH,SAC,J. Thompson,/players/t/thompja02.html,R. Lopez,/players/l/lopezro01.html,0
201304100DEN,https://www.basketball-reference.com/boxscores/pbp/201304100DEN.html,Denver Nuggets,San Antonio Spurs,DEN,SAS,K. Koufos,T. Duncan,D. Green,DEN,SAS,K. Faried,/players/f/farieke01.html,SAS,DEN,K. Koufos,/players/k/koufoko01.html,T. Duncan,/players/d/duncati01.html,0
201304100LAC,https://www.basketball-reference.com/boxscores/pbp/201304100LAC.html,Los Angeles Clippers,Minnesota Timberwolves,LAC,MIN,D. Jordan,N. Peković,D. Jordan,LAC,MIN,C. Butler,/players/b/butleca01.html,LAC,MIN,D. Jordan,/players/j/jordade01.html,N. Peković,/players/p/pekovni01.html,1
201304110CHI,https://www.basketball-reference.com/boxscores/pbp/201304110CHI.html,Chicago Bulls,New York Knicks,CHI,NYK,J. Butler,C. Copeland,L. Deng,CHI,NYK,K. Hinrich,/players/h/hinriki01.html,CHI,NYK,J. Butler,/players/b/butleji01.html,C. Copeland,/players/c/copelch01.html,1
201304110GSW,https://www.basketball-reference.com/boxscores/pbp/201304110GSW.html,Golden State Warriors,Oklahoma City Thunder,GSW,OKC,A. Bogut,S. Ibaka,K. Durant,GSW,OKC,S. Curry,/players/c/curryst01.html,OKC,GSW,A. Bogut,/players/b/bogutan01.html,S. Ibaka,/players/i/ibakase01.html,0
201304120IND,https://www.basketball-reference.com/boxscores/pbp/201304120IND.html,Indiana Pacers,Brooklyn Nets,IND,BRK,R. Hibbert,B. Lopez,J. Johnson,BRK,IND,K. Bogans,/players/b/boganke01.html,BRK,IND,B. Lopez,/players/l/lopezbr01.html,R. Hibbert,/players/h/hibbero01.html,1
201304120TOR,https://www.basketball-reference.com/boxscores/pbp/201304120TOR.html,Toronto Raptors,Chicago Bulls,TOR,CHI,A. Johnson,N. Mohammed,D. DeRozan,TOR,CHI,A. Gray,/players/g/grayaa01.html,TOR,CHI,A. Johnson,/players/j/johnsam01.html,N. Mohammed,/players/m/mohamna01.html,1
201304120WAS,https://www.basketball-reference.com/boxscores/pbp/201304120WAS.html,Washington Wizards,Philadelphia 76ers,WAS,PHI,E. Okafor,S. Hawes,S. Hawes,PHI,WAS,J. Holiday,/players/h/holidjr01.html,PHI,WAS,S. Hawes,/players/h/hawessp01.html,E. Okafor,/players/o/okafoem01.html,1
201304120ATL,https://www.basketball-reference.com/boxscores/pbp/201304120ATL.html,Atlanta Hawks,Milwaukee Bucks,ATL,MIL,J. Smith,J. Henson,K. Korver,MIL,ATL,J. Redick,/players/r/redicjj01.html,ATL,MIL,J. Henson,/players/h/hensojo01.html,J. Smith,/players/s/smithjo03.html,0
201304120CLE,https://www.basketball-reference.com/boxscores/pbp/201304120CLE.html,Cleveland Cavaliers,New York Knicks,CLE,NYK,T. Zeller,C. Copeland,P. Prigioni,CLE,NYK,T. Thompson,/players/t/thomptr01.html,NYK,CLE,T. Zeller,/players/z/zellety01.html,C. Copeland,/players/c/copelch01.html,0
201304120DET,https://www.basketball-reference.com/boxscores/pbp/201304120DET.html,Detroit Pistons,Charlotte Bobcats,DET,CHA,A. Drummond,B. Biyombo,B. Biyombo,DET,CHA,G. Monroe,/players/m/monrogr01.html,CHA,DET,A. Drummond,/players/d/drumman01.html,B. Biyombo,/players/b/biyombi01.html,0
201304120MIA,https://www.basketball-reference.com/boxscores/pbp/201304120MIA.html,Miami Heat,Boston Celtics,MIA,BOS,C. Bosh,J. Green,J. Green,MIA,BOS,M. Chalmers,/players/c/chalmma01.html,BOS,MIA,C. Bosh,/players/b/boshch01.html,J. Green,/players/g/greenje02.html,0
201304120HOU,https://www.basketball-reference.com/boxscores/pbp/201304120HOU.html,Houston Rockets,Memphis Grizzlies,HOU,MEM,Ö. Aşık,M. Gasol,J. Lin,MEM,HOU,M. Conley,/players/c/conlemi01.html,HOU,MEM,M. Gasol,/players/g/gasolma01.html,Ö. Aşık,/players/a/asikom01.html,0
201304120NOH,https://www.basketball-reference.com/boxscores/pbp/201304120NOH.html,New Orleans Hornets,Los Angeles Clippers,NOH,LAC,R. Lopez,D. Jordan,B. Griffin,LAC,NOH,C. Paul,/players/p/paulch01.html,LAC,NOH,D. Jordan,/players/j/jordade01.html,R. Lopez,/players/l/lopezro01.html,1
201304120DAL,https://www.basketball-reference.com/boxscores/pbp/201304120DAL.html,Dallas Mavericks,Denver Nuggets,DAL,DEN,C. Kaman,K. Koufos,A. Iguodala,DEN,DAL,A. Miller,/players/m/millean02.html,DEN,DAL,K. Koufos,/players/k/koufoko01.html,C. Kaman,/players/k/kamanch01.html,1
201304120SAS,https://www.basketball-reference.com/boxscores/pbp/201304120SAS.html,San Antonio Spurs,Sacramento Kings,SAS,SAC,T. Duncan,J. Thompson,T. Duncan,SAS,SAC,K. Leonard,/players/l/leonaka01.html,SAS,SAC,T. Duncan,/players/d/duncati01.html,J. Thompson,/players/t/thompja02.html,1
201304120UTA,https://www.basketball-reference.com/boxscores/pbp/201304120UTA.html,Utah Jazz,Minnesota Timberwolves,UTA,MIN,A. Jefferson,G. Stiemsma,G. Stiemsma,MIN,UTA,A. Kirilenko,/players/k/kirilan01.html,MIN,UTA,G. Stiemsma,/players/s/stiemgr01.html,A. Jefferson,/players/j/jeffeal01.html,1
201304120POR,https://www.basketball-reference.com/boxscores/pbp/201304120POR.html,Portland Trail Blazers,Oklahoma City Thunder,POR,OKC,J. Hickson,H. Thabeet,L. Aldridge,POR,OKC,L. Aldridge,/players/a/aldrila01.html,POR,OKC,J. Hickson,/players/h/hicksjj01.html,H. Thabeet,/players/t/thabeha01.html,1
201304120LAL,https://www.basketball-reference.com/boxscores/pbp/201304120LAL.html,Los Angeles Lakers,Golden State Warriors,LAL,GSW,D. Howard,F. Ezeli,D. Howard,LAL,GSW,S. Blake,/players/b/blakest01.html,LAL,GSW,D. Howard,/players/h/howardw01.html,F. Ezeli,/players/e/ezelife01.html,1
201304130CHA,https://www.basketball-reference.com/boxscores/pbp/201304130CHA.html,Charlotte Bobcats,Milwaukee Bucks,CHA,MIL,B. Biyombo,J. Henson,J. Henson,CHA,MIL,J. McRoberts,/players/m/mcrobjo01.html,MIL,CHA,B. Biyombo,/players/b/biyombi01.html,J. Henson,/players/h/hensojo01.html,0
201304130ORL,https://www.basketball-reference.com/boxscores/pbp/201304130ORL.html,Orlando Magic,Boston Celtics,ORL,BOS,N. Vučević,K. Garnett,J. Green,BOS,ORL,A. Bradley,/players/b/bradlav01.html,BOS,ORL,K. Garnett,/players/g/garneke01.html,N. Vučević,/players/v/vucevni01.html,1
201304130MEM,https://www.basketball-reference.com/boxscores/pbp/201304130MEM.html,Memphis Grizzlies,Los Angeles Clippers,MEM,LAC,M. Gasol,D. Jordan,D. Jordan,LAC,MEM,B. Griffin,/players/g/griffbl01.html,LAC,MEM,D. Jordan,/players/j/jordade01.html,M. Gasol,/players/g/gasolma01.html,1
201304130MIN,https://www.basketball-reference.com/boxscores/pbp/201304130MIN.html,Minnesota Timberwolves,Phoenix Suns,MIN,PHO,D. Williams,M. Morris,D. Williams,PHO,MIN,P. Tucker,/players/t/tuckepj01.html,MIN,PHO,M. Morris,/players/m/morrima02.html,D. Williams,/players/w/willide02.html,0
201304140MIA,https://www.basketball-reference.com/boxscores/pbp/201304140MIA.html,Miami Heat,Chicago Bulls,MIA,CHI,C. Bosh,J. Butler,L. James,MIA,CHI,L. James,/players/j/jamesle01.html,MIA,CHI,C. Bosh,/players/b/boshch01.html,J. Butler,/players/b/butleji01.html,1
201304140NYK,https://www.basketball-reference.com/boxscores/pbp/201304140NYK.html,New York Knicks,Indiana Pacers,NYK,IND,S. Jones,R. Hibbert,D. West,IND,NYK,D. West,/players/w/westda01.html,IND,NYK,R. Hibbert,/players/h/hibbero01.html,S. Jones,/players/j/jonesso01.html,1
201304140PHI,https://www.basketball-reference.com/boxscores/pbp/201304140PHI.html,Philadelphia 76ers,Cleveland Cavaliers,PHI,CLE,S. Hawes,T. Zeller,D. Wilkins,PHI,CLE,J. Holiday,/players/h/holidjr01.html,PHI,CLE,S. Hawes,/players/h/hawessp01.html,T. Zeller,/players/z/zellety01.html,1
201304140TOR,https://www.basketball-reference.com/boxscores/pbp/201304140TOR.html,Toronto Raptors,Brooklyn Nets,TOR,BRK,,,,,,,,,,,,
201304140DEN,https://www.basketball-reference.com/boxscores/pbp/201304140DEN.html,Denver Nuggets,Portland Trail Blazers,DEN,POR,K. Koufos,M. Leonard,M. Leonard,POR,DEN,W. Barton,/players/b/bartowi01.html,POR,DEN,M. Leonard,/players/l/leoname01.html,K. Koufos,/players/k/koufoko01.html,1
201304140NOH,https://www.basketball-reference.com/boxscores/pbp/201304140NOH.html,New Orleans Hornets,Dallas Mavericks,NOH,DAL,R. Lopez,C. Kaman,R. Anderson,DAL,NOH,M. James,/players/j/jamesmi01.html,NOH,DAL,C. Kaman,/players/k/kamanch01.html,R. Lopez,/players/l/lopezro01.html,0
201304140HOU,https://www.basketball-reference.com/boxscores/pbp/201304140HOU.html,Houston Rockets,Sacramento Kings,HOU,SAC,Ö. Aşık,J. Thompson,G. Smith,HOU,SAC,J. Lin,/players/l/linje01.html,HOU,SAC,Ö. Aşık,/players/a/asikom01.html,J. Thompson,/players/t/thompja02.html,1
201304140LAL,https://www.basketball-reference.com/boxscores/pbp/201304140LAL.html,Los Angeles Lakers,San Antonio Spurs,LAL,SAS,D. Howard,T. Duncan,D. Howard,SAS,LAL,T. Parker,/players/p/parketo01.html,LAL,SAS,T. Duncan,/players/d/duncati01.html,D. Howard,/players/h/howardw01.html,0
201304150CHA,https://www.basketball-reference.com/boxscores/pbp/201304150CHA.html,Charlotte Bobcats,New York Knicks,CHA,NYK,B. Biyombo,C. Copeland,J. McRoberts,CHA,NYK,G. Henderson,/players/h/hendege02.html,CHA,NYK,B. Biyombo,/players/b/biyombi01.html,C. Copeland,/players/c/copelch01.html,1
201304150CLE,https://www.basketball-reference.com/boxscores/pbp/201304150CLE.html,Cleveland Cavaliers,Miami Heat,CLE,MIA,T. Zeller,J. Anthony,W. Ellington,MIA,CLE,J. Howard,/players/h/howarju01.html,CLE,MIA,J. Anthony,/players/a/anthojo01.html,T. Zeller,/players/z/zellety01.html,0
201304150ORL,https://www.basketball-reference.com/boxscores/pbp/201304150ORL.html,Orlando Magic,Chicago Bulls,ORL,CHI,N. Vučević,J. Butler,B. Udrih,ORL,CHI,T. Harris,/players/h/harrito02.html,ORL,CHI,N. Vučević,/players/v/vucevni01.html,J. Butler,/players/b/butleji01.html,1
201304150BRK,https://www.basketball-reference.com/boxscores/pbp/201304150BRK.html,Brooklyn Nets,Washington Wizards,BRK,WAS,A. Blatche,E. Okafor,C. Martin,WAS,BRK,J. Wall,/players/w/walljo01.html,WAS,BRK,E. Okafor,/players/o/okafoem01.html,A. Blatche,/players/b/blatcan01.html,1
201304150DET,https://www.basketball-reference.com/boxscores/pbp/201304150DET.html,Detroit Pistons,Philadelphia 76ers,DET,PHI,A. Drummond,S. Hawes,G. Monroe,DET,PHI,R. Stuckey,/players/s/stuckro01.html,DET,PHI,A. Drummond,/players/d/drumman01.html,S. Hawes,/players/h/hawessp01.html,1
201304150DAL,https://www.basketball-reference.com/boxscores/pbp/201304150DAL.html,Dallas Mavericks,Memphis Grizzlies,DAL,MEM,C. Kaman,M. Gasol,D. Nowitzki,MEM,DAL,Z. Randolph,/players/r/randoza01.html,DAL,MEM,M. Gasol,/players/g/gasolma01.html,C. Kaman,/players/k/kamanch01.html,0
201304150MIL,https://www.basketball-reference.com/boxscores/pbp/201304150MIL.html,Milwaukee Bucks,Denver Nuggets,MIL,DEN,J. Henson,K. Koufos,E. Fournier,DEN,MIL,W. Chandler,/players/c/chandwi01.html,DEN,MIL,K. Koufos,/players/k/koufoko01.html,J. Henson,/players/h/hensojo01.html,1
201304150MIN,https://www.basketball-reference.com/boxscores/pbp/201304150MIN.html,Minnesota Timberwolves,Utah Jazz,MIN,UTA,G. Stiemsma,A. Jefferson,R. Rubio,UTA,MIN,M. Williams,/players/w/willima01.html,MIN,UTA,A. Jefferson,/players/j/jeffeal01.html,G. Stiemsma,/players/s/stiemgr01.html,0
201304150OKC,https://www.basketball-reference.com/boxscores/pbp/201304150OKC.html,Oklahoma City Thunder,Sacramento Kings,OKC,SAC,H. Thabeet,J. Thompson,T. Sefolosha,OKC,SAC,R. Westbrook,/players/w/westbru01.html,OKC,SAC,H. Thabeet,/players/t/thabeha01.html,J. Thompson,/players/t/thompja02.html,1
201304150PHO,https://www.basketball-reference.com/boxscores/pbp/201304150PHO.html,Phoenix Suns,Houston Rockets,PHO,HOU,M. Morris,Ö. Aşık,G. Smith,HOU,PHO,G. Smith,/players/s/smithgr02.html,HOU,PHO,Ö. Aşık,/players/a/asikom01.html,M. Morris,/players/m/morrima02.html,1
201304150GSW,https://www.basketball-reference.com/boxscores/pbp/201304150GSW.html,Golden State Warriors,San Antonio Spurs,GSW,SAS,F. Ezeli,T. Splitter,M. Bonner,GSW,SAS,D. Lee,/players/l/leeda02.html,SAS,GSW,F. Ezeli,/players/e/ezelife01.html,T. Splitter,/players/s/splitti01.html,0
201304160ATL,https://www.basketball-reference.com/boxscores/pbp/201304160ATL.html,Atlanta Hawks,Toronto Raptors,ATL,TOR,J. Petro,J. Valančiūnas,R. Gay,TOR,ATL,K. Lowry,/players/l/lowryky01.html,TOR,ATL,J. Valančiūnas,/players/v/valanjo01.html,J. Petro,/players/p/petrojo01.html,1
201304160LAC,https://www.basketball-reference.com/boxscores/pbp/201304160LAC.html,Los Angeles Clippers,Portland Trail Blazers,LAC,POR,D. Jordan,M. Leonard,B. Griffin,LAC,POR,C. Paul,/players/p/paulch01.html,LAC,POR,D. Jordan,/players/j/jordade01.html,M. Leonard,/players/l/leoname01.html,1
201304170BRK,https://www.basketball-reference.com/boxscores/pbp/201304170BRK.html,Brooklyn Nets,Detroit Pistons,BRK,DET,B. Lopez,A. Drummond,B. Knight,DET,BRK,K. Singler,/players/s/singlky01.html,DET,BRK,A. Drummond,/players/d/drumman01.html,B. Lopez,/players/l/lopezbr01.html,1
201304170CHA,https://www.basketball-reference.com/boxscores/pbp/201304170CHA.html,Charlotte Bobcats,Cleveland Cavaliers,CHA,CLE,B. Biyombo,T. Zeller,B. Biyombo,CHA,CLE,J. McRoberts,/players/m/mcrobjo01.html,CHA,CLE,B. Biyombo,/players/b/biyombi01.html,T. Zeller,/players/z/zellety01.html,1
201304170CHI,https://www.basketball-reference.com/boxscores/pbp/201304170CHI.html,Chicago Bulls,Washington Wizards,CHI,WAS,N. Mohammed,K. Séraphin,C. Boozer,CHI,WAS,C. Boozer,/players/b/boozeca01.html,CHI,WAS,N. Mohammed,/players/m/mohamna01.html,K. Séraphin,/players/s/serapke01.html,1
201304170DAL,https://www.basketball-reference.com/boxscores/pbp/201304170DAL.html,Dallas Mavericks,New Orleans Hornets,DAL,NOH,C. Kaman,R. Lopez,R. Lopez,NOH,DAL,R. Anderson,/players/a/anderry01.html,NOH,DAL,R. Lopez,/players/l/lopezro01.html,C. Kaman,/players/k/kamanch01.html,1
201304170DEN,https://www.basketball-reference.com/boxscores/pbp/201304170DEN.html,Denver Nuggets,Phoenix Suns,DEN,PHO,K. Koufos,M. Morris,W. Chandler,DEN,PHO,T. Lawson,/players/l/lawsoty01.html,DEN,PHO,K. Koufos,/players/k/koufoko01.html,M. Morris,/players/m/morrima02.html,1
201304170IND,https://www.basketball-reference.com/boxscores/pbp/201304170IND.html,Indiana Pacers,Philadelphia 76ers,IND,PHI,I. Mahinmi,S. Hawes,D. Wilkins,IND,PHI,D. Augustin,/players/a/augusdj01.html,PHI,IND,I. Mahinmi,/players/m/mahinia01.html,S. Hawes,/players/h/hawessp01.html,0
201304170MEM,https://www.basketball-reference.com/boxscores/pbp/201304170MEM.html,Memphis Grizzlies,Utah Jazz,MEM,UTA,M. Gasol,A. Jefferson,A. Jefferson,MEM,UTA,M. Conley,/players/c/conlemi01.html,UTA,MEM,M. Gasol,/players/g/gasolma01.html,A. Jefferson,/players/j/jeffeal01.html,0
201304170MIA,https://www.basketball-reference.com/boxscores/pbp/201304170MIA.html,Miami Heat,Orlando Magic,MIA,ORL,U. Haslem,N. Vučević,T. Harris,ORL,MIA,E. Moore,/players/m/mooreet01.html,ORL,MIA,N. Vučević,/players/v/vucevni01.html,U. Haslem,/players/h/hasleud01.html,1
201304170NYK,https://www.basketball-reference.com/boxscores/pbp/201304170NYK.html,New York Knicks,Atlanta Hawks,NYK,ATL,E. Barron,M. Scott,I. Johnson,ATL,NYK,J. Jenkins,/players/j/jenkijo01.html,ATL,NYK,M. Scott,/players/s/scottmi01.html,E. Barron,/players/b/barroea01.html,1
201304170OKC,https://www.basketball-reference.com/boxscores/pbp/201304170OKC.html,Oklahoma City Thunder,Milwaukee Bucks,OKC,MIL,H. Thabeet,J. Henson,T. Sefolosha,MIL,OKC,B. Jennings,/players/j/jennibr01.html,OKC,MIL,J. Henson,/players/h/hensojo01.html,H. Thabeet,/players/t/thabeha01.html,0
201304170SAS,https://www.basketball-reference.com/boxscores/pbp/201304170SAS.html,San Antonio Spurs,Minnesota Timberwolves,SAS,MIN,T. Duncan,G. Stiemsma,M. Bonner,MIN,SAS,A. Kirilenko,/players/k/kirilan01.html,SAS,MIN,G. Stiemsma,/players/s/stiemgr01.html,T. Duncan,/players/d/duncati01.html,0
201304170TOR,https://www.basketball-reference.com/boxscores/pbp/201304170TOR.html,Toronto Raptors,Boston Celtics,TOR,BOS,J. Valančiūnas,C. Wilcox,A. Bradley,TOR,BOS,A. Johnson,/players/j/johnsam01.html,BOS,TOR,J. Valančiūnas,/players/v/valanjo01.html,C. Wilcox,/players/w/wilcoch01.html,0
201304170LAL,https://www.basketball-reference.com/boxscores/pbp/201304170LAL.html,Los Angeles Lakers,Houston Rockets,LAL,HOU,D. Howard,Ö. Aşık,M. World Peace,LAL,HOU,S. Blake,/players/b/blakest01.html,LAL,HOU,D. Howard,/players/h/howardw01.html,Ö. Aşık,/players/a/asikom01.html,1
201304170POR,https://www.basketball-reference.com/boxscores/pbp/201304170POR.html,Portland Trail Blazers,Golden State Warriors,POR,GSW,J. Hickson,A. Bogut,L. Aldridge,GSW,POR,S. Curry,/players/c/curryst01.html,POR,GSW,A. Bogut,/players/b/bogutan01.html,J. Hickson,/players/h/hicksjj01.html,0
201304170SAC,https://www.basketball-reference.com/boxscores/pbp/201304170SAC.html,Sacramento Kings,Los Angeles Clippers,SAC,LAC,J. Thompson,D. Jordan,C. Billups,LAC,SAC,C. Paul,/players/p/paulch01.html,LAC,SAC,D. Jordan,/players/j/jordade01.html,J. Thompson,/players/t/thompja02.html,1
201304200NYK,https://www.basketball-reference.com/boxscores/pbp/201304200NYK.html,New York Knicks,Boston Celtics,NYK,BOS,T. Chandler,K. Garnett,K. Garnett,BOS,NYK,J. Green,/players/g/greenje02.html,BOS,NYK,K. Garnett,/players/g/garneke01.html,T. Chandler,/players/c/chandty01.html,1
201304200DEN,https://www.basketball-reference.com/boxscores/pbp/201304200DEN.html,Denver Nuggets,Golden State Warriors,DEN,GSW,K. Koufos,A. Bogut,W. Chandler,DEN,GSW,T. Lawson,/players/l/lawsoty01.html,DEN,GSW,K. Koufos,/players/k/koufoko01.html,A. Bogut,/players/b/bogutan01.html,1
201304200BRK,https://www.basketball-reference.com/boxscores/pbp/201304200BRK.html,Brooklyn Nets,Chicago Bulls,BRK,CHI,,,,,,,,,,,,
201304200LAC,https://www.basketball-reference.com/boxscores/pbp/201304200LAC.html,Los Angeles Clippers,Memphis Grizzlies,LAC,MEM,D. Jordan,M. Gasol,B. Griffin,MEM,LAC,M. Conley,/players/c/conlemi01.html,LAC,MEM,M. Gasol,/players/g/gasolma01.html,D. Jordan,/players/j/jordade01.html,0
201304210IND,https://www.basketball-reference.com/boxscores/pbp/201304210IND.html,Indiana Pacers,Atlanta Hawks,IND,ATL,R. Hibbert,J. Smith,J. Teague,ATL,IND,D. Harris,/players/h/harride01.html,ATL,IND,J. Smith,/players/s/smithjo03.html,R. Hibbert,/players/h/hibbero01.html,1
201304210SAS,https://www.basketball-reference.com/boxscores/pbp/201304210SAS.html,San Antonio Spurs,Los Angeles Lakers,SAS,LAL,T. Duncan,D. Howard,S. Nash,LAL,SAS,S. Nash,/players/n/nashst01.html,LAL,SAS,D. Howard,/players/h/howardw01.html,T. Duncan,/players/d/duncati01.html,1
201304210MIA,https://www.basketball-reference.com/boxscores/pbp/201304210MIA.html,Miami Heat,Milwaukee Bucks,MIA,MIL,C. Bosh,L. Sanders,C. Bosh,MIA,MIL,L. James,/players/j/jamesle01.html,MIA,MIL,C. Bosh,/players/b/boshch01.html,L. Sanders,/players/s/sandela01.html,1
201304210OKC,https://www.basketball-reference.com/boxscores/pbp/201304210OKC.html,Oklahoma City Thunder,Houston Rockets,OKC,HOU,S. Ibaka,Ö. Aşık,K. Durant,OKC,HOU,K. Perkins,/players/p/perkike01.html,OKC,HOU,S. Ibaka,/players/i/ibakase01.html,Ö. Aşık,/players/a/asikom01.html,1
201304220BRK,https://www.basketball-reference.com/boxscores/pbp/201304220BRK.html,Brooklyn Nets,Chicago Bulls,BRK,CHI,B. Lopez,J. Noah,L. Deng,CHI,BRK,C. Boozer,/players/b/boozeca01.html,CHI,BRK,J. Noah,/players/n/noahjo01.html,B. Lopez,/players/l/lopezbr01.html,1
201304220LAC,https://www.basketball-reference.com/boxscores/pbp/201304220LAC.html,Los Angeles Clippers,Memphis Grizzlies,LAC,MEM,D. Jordan,M. Gasol,T. Prince,LAC,MEM,C. Paul,/players/p/paulch01.html,MEM,LAC,D. Jordan,/players/j/jordade01.html,M. Gasol,/players/g/gasolma01.html,0
201304230MIA,https://www.basketball-reference.com/boxscores/pbp/201304230MIA.html,Miami Heat,Milwaukee Bucks,MIA,MIL,C. Bosh,L. Sanders,D. Wade,MIA,MIL,U. Haslem,/players/h/hasleud01.html,MIA,MIL,C. Bosh,/players/b/boshch01.html,L. Sanders,/players/s/sandela01.html,1
201304230NYK,https://www.basketball-reference.com/boxscores/pbp/201304230NYK.html,New York Knicks,Boston Celtics,NYK,BOS,T. Chandler,K. Garnett,K. Garnett,BOS,NYK,B. Bass,/players/b/bassbr01.html,BOS,NYK,K. Garnett,/players/g/garneke01.html,T. Chandler,/players/c/chandty01.html,1
201304230DEN,https://www.basketball-reference.com/boxscores/pbp/201304230DEN.html,Denver Nuggets,Golden State Warriors,DEN,GSW,K. Koufos,A. Bogut,W. Chandler,DEN,GSW,T. Lawson,/players/l/lawsoty01.html,DEN,GSW,K. Koufos,/players/k/koufoko01.html,A. Bogut,/players/b/bogutan01.html,1
201304240OKC,https://www.basketball-reference.com/boxscores/pbp/201304240OKC.html,Oklahoma City Thunder,Houston Rockets,OKC,HOU,S. Ibaka,Ö. Aşık,S. Ibaka,HOU,OKC,J. Harden,/players/h/hardeja01.html,OKC,HOU,Ö. Aşık,/players/a/asikom01.html,S. Ibaka,/players/i/ibakase01.html,0
201304240IND,https://www.basketball-reference.com/boxscores/pbp/201304240IND.html,Indiana Pacers,Atlanta Hawks,IND,ATL,R. Hibbert,J. Smith,J. Smith,ATL,IND,J. Teague,/players/t/teaguje01.html,ATL,IND,J. Smith,/players/s/smithjo03.html,R. Hibbert,/players/h/hibbero01.html,1
201304240SAS,https://www.basketball-reference.com/boxscores/pbp/201304240SAS.html,San Antonio Spurs,Los Angeles Lakers,SAS,LAL,T. Duncan,D. Howard,P. Gasol,LAL,SAS,S. Nash,/players/n/nashst01.html,LAL,SAS,D. Howard,/players/h/howardw01.html,T. Duncan,/players/d/duncati01.html,1
201304250MIL,https://www.basketball-reference.com/boxscores/pbp/201304250MIL.html,Milwaukee Bucks,Miami Heat,MIL,MIA,L. Sanders,C. Bosh,L. Sanders,MIL,MIA,E. İlyasova,/players/i/ilyaser01.html,MIL,MIA,L. Sanders,/players/s/sandela01.html,C. Bosh,/players/b/boshch01.html,1
201304250CHI,https://www.basketball-reference.com/boxscores/pbp/201304250CHI.html,Chicago Bulls,Brooklyn Nets,CHI,BRK,J. Noah,B. Lopez,B. Lopez,CHI,BRK,C. Boozer,/players/b/boozeca01.html,BRK,CHI,J. Noah,/players/n/noahjo01.html,B. Lopez,/players/l/lopezbr01.html,0
201304250MEM,https://www.basketball-reference.com/boxscores/pbp/201304250MEM.html,Memphis Grizzlies,Los Angeles Clippers,MEM,LAC,M. Gasol,D. Jordan,B. Griffin,LAC,MEM,C. Butler,/players/b/butleca01.html,LAC,MEM,D. Jordan,/players/j/jordade01.html,M. Gasol,/players/g/gasolma01.html,1
201304260BOS,https://www.basketball-reference.com/boxscores/pbp/201304260BOS.html,Boston Celtics,New York Knicks,BOS,NYK,K. Garnett,T. Chandler,J. Terry,BOS,NYK,A. Bradley,/players/b/bradlav01.html,BOS,NYK,K. Garnett,/players/g/garneke01.html,T. Chandler,/players/c/chandty01.html,1
201304260GSW,https://www.basketball-reference.com/boxscores/pbp/201304260GSW.html,Golden State Warriors,Denver Nuggets,GSW,DEN,A. Bogut,K. Faried,S. Curry,DEN,GSW,A. Iguodala,/players/i/iguodan01.html,GSW,DEN,K. Faried,/players/f/farieke01.html,A. Bogut,/players/b/bogutan01.html,0
201304260LAL,https://www.basketball-reference.com/boxscores/pbp/201304260LAL.html,Los Angeles Lakers,San Antonio Spurs,LAL,SAS,D. Howard,T. Duncan,K. Leonard,LAL,SAS,D. Morris,/players/m/morrida01.html,SAS,LAL,D. Howard,/players/h/howardw01.html,T. Duncan,/players/d/duncati01.html,0
201304270CHI,https://www.basketball-reference.com/boxscores/pbp/201304270CHI.html,Chicago Bulls,Brooklyn Nets,CHI,BRK,J. Noah,B. Lopez,B. Lopez,BRK,CHI,D. Williams,/players/w/willide01.html,BRK,CHI,B. Lopez,/players/l/lopezbr01.html,J. Noah,/players/n/noahjo01.html,1
201304270MEM,https://www.basketball-reference.com/boxscores/pbp/201304270MEM.html,Memphis Grizzlies,Los Angeles Clippers,MEM,LAC,M. Gasol,D. Jordan,T. Prince,MEM,LAC,M. Conley,/players/c/conlemi01.html,MEM,LAC,M. Gasol,/players/g/gasolma01.html,D. Jordan,/players/j/jordade01.html,1
201304270ATL,https://www.basketball-reference.com/boxscores/pbp/201304270ATL.html,Atlanta Hawks,Indiana Pacers,ATL,IND,J. Petro,R. Hibbert,D. West,IND,ATL,G. Hill,/players/h/hillge01.html,IND,ATL,R. Hibbert,/players/h/hibbero01.html,J. Petro,/players/p/petrojo01.html,1
201304270HOU,https://www.basketball-reference.com/boxscores/pbp/201304270HOU.html,Houston Rockets,Oklahoma City Thunder,HOU,OKC,Ö. Aşık,S. Ibaka,Ö. Aşık,HOU,OKC,J. Lin,/players/l/linje01.html,HOU,OKC,Ö. Aşık,/players/a/asikom01.html,S. Ibaka,/players/i/ibakase01.html,1
201304280BOS,https://www.basketball-reference.com/boxscores/pbp/201304280BOS.html,Boston Celtics,New York Knicks,BOS,NYK,K. Garnett,T. Chandler,A. Bradley,BOS,NYK,A. Bradley,/players/b/bradlav01.html,BOS,NYK,K. Garnett,/players/g/garneke01.html,T. Chandler,/players/c/chandty01.html,1
201304280MIL,https://www.basketball-reference.com/boxscores/pbp/201304280MIL.html,Milwaukee Bucks,Miami Heat,MIL,MIA,L. Sanders,C. Bosh,C. Bosh,MIA,MIL,U. Haslem,/players/h/hasleud01.html,MIA,MIL,C. Bosh,/players/b/boshch01.html,L. Sanders,/players/s/sandela01.html,1
201304280LAL,https://www.basketball-reference.com/boxscores/pbp/201304280LAL.html,Los Angeles Lakers,San Antonio Spurs,LAL,SAS,D. Howard,T. Duncan,D. Green,LAL,SAS,P. Gasol,/players/g/gasolpa01.html,SAS,LAL,D. Howard,/players/h/howardw01.html,T. Duncan,/players/d/duncati01.html,0
201304280GSW,https://www.basketball-reference.com/boxscores/pbp/201304280GSW.html,Golden State Warriors,Denver Nuggets,GSW,DEN,A. Bogut,K. Faried,W. Chandler,GSW,DEN,K. Thompson,/players/t/thompkl01.html,DEN,GSW,A. Bogut,/players/b/bogutan01.html,K. Faried,/players/f/farieke01.html,0
201304290BRK,https://www.basketball-reference.com/boxscores/pbp/201304290BRK.html,Brooklyn Nets,Chicago Bulls,BRK,CHI,B. Lopez,J. Noah,J. Johnson,CHI,BRK,C. Boozer,/players/b/boozeca01.html,BRK,CHI,J. Noah,/players/n/noahjo01.html,B. Lopez,/players/l/lopezbr01.html,0
201304290ATL,https://www.basketball-reference.com/boxscores/pbp/201304290ATL.html,Atlanta Hawks,Indiana Pacers,ATL,IND,J. Petro,R. Hibbert,J. Smith,ATL,IND,J. Teague,/players/t/teaguje01.html,ATL,IND,J. Petro,/players/p/petrojo01.html,R. Hibbert,/players/h/hibbero01.html,1
201304290HOU,https://www.basketball-reference.com/boxscores/pbp/201304290HOU.html,Houston Rockets,Oklahoma City Thunder,HOU,OKC,Ö. Aşık,S. Ibaka,Ö. Aşık,HOU,OKC,P. Beverley,/players/b/beverpa01.html,HOU,OKC,Ö. Aşık,/players/a/asikom01.html,S. Ibaka,/players/i/ibakase01.html,1
201304300DEN,https://www.basketball-reference.com/boxscores/pbp/201304300DEN.html,Denver Nuggets,Golden State Warriors,DEN,GSW,J. McGee,A. Bogut,W. Chandler,DEN,GSW,T. Lawson,/players/l/lawsoty01.html,DEN,GSW,J. McGee,/players/m/mcgeeja01.html,A. Bogut,/players/b/bogutan01.html,1
201304300LAC,https://www.basketball-reference.com/boxscores/pbp/201304300LAC.html,Los Angeles Clippers,Memphis Grizzlies,LAC,MEM,D. Jordan,M. Gasol,C. Paul,LAC,MEM,B. Griffin,/players/g/griffbl01.html,LAC,MEM,D. Jordan,/players/j/jordade01.html,M. Gasol,/players/g/gasolma01.html,1
201305010IND,https://www.basketball-reference.com/boxscores/pbp/201305010IND.html,Indiana Pacers,Atlanta Hawks,IND,ATL,R. Hibbert,J. Petro,J. Teague,ATL,IND,J. Teague,/players/t/teaguje01.html,ATL,IND,J. Petro,/players/p/petrojo01.html,R. Hibbert,/players/h/hibbero01.html,1
201305010OKC,https://www.basketball-reference.com/boxscores/pbp/201305010OKC.html,Oklahoma City Thunder,Houston Rockets,OKC,HOU,S. Ibaka,Ö. Aşık,P. Beverley,HOU,OKC,P. Beverley,/players/b/beverpa01.html,HOU,OKC,Ö. Aşık,/players/a/asikom01.html,S. Ibaka,/players/i/ibakase01.html,1
201305020CHI,https://www.basketball-reference.com/boxscores/pbp/201305020CHI.html,Chicago Bulls,Brooklyn Nets,CHI,BRK,J. Noah,B. Lopez,M. Belinelli,BRK,CHI,D. Williams,/players/w/willide01.html,CHI,BRK,B. Lopez,/players/l/lopezbr01.html,J. Noah,/players/n/noahjo01.html,0
201305020GSW,https://www.basketball-reference.com/boxscores/pbp/201305020GSW.html,Golden State Warriors,Denver Nuggets,GSW,DEN,A. Bogut,J. McGee,J. McGee,DEN,GSW,T. Lawson,/players/l/lawsoty01.html,DEN,GSW,J. McGee,/players/m/mcgeeja01.html,A. Bogut,/players/b/bogutan01.html,1
201305030ATL,https://www.basketball-reference.com/boxscores/pbp/201305030ATL.html,Atlanta Hawks,Indiana Pacers,ATL,IND,J. Petro,R. Hibbert,L. Stephenson,ATL,IND,J. Teague,/players/t/teaguje01.html,IND,ATL,J. Petro,/players/p/petrojo01.html,R. Hibbert,/players/h/hibbero01.html,0
201305030BOS,https://www.basketball-reference.com/boxscores/pbp/201305030BOS.html,Boston Celtics,New York Knicks,BOS,NYK,K. Garnett,T. Chandler,C. Anthony,NYK,BOS,R. Felton,/players/f/feltora01.html,NYK,BOS,T. Chandler,/players/c/chandty01.html,K. Garnett,/players/g/garneke01.html,1
201305030HOU,https://www.basketball-reference.com/boxscores/pbp/201305030HOU.html,Houston Rockets,Oklahoma City Thunder,HOU,OKC,Ö. Aşık,S. Ibaka,S. Ibaka,OKC,HOU,K. Durant,/players/d/duranke01.html,OKC,HOU,S. Ibaka,/players/i/ibakase01.html,Ö. Aşık,/players/a/asikom01.html,1
201305030MEM,https://www.basketball-reference.com/boxscores/pbp/201305030MEM.html,Memphis Grizzlies,Los Angeles Clippers,MEM,LAC,M. Gasol,D. Jordan,T. Allen,LAC,MEM,C. Paul,/players/p/paulch01.html,MEM,LAC,D. Jordan,/players/j/jordade01.html,M. Gasol,/players/g/gasolma01.html,0
201305040BRK,https://www.basketball-reference.com/boxscores/pbp/201305040BRK.html,Brooklyn Nets,Chicago Bulls,BRK,CHI,B. Lopez,J. Noah,C. Boozer,CHI,BRK,C. Boozer,/players/b/boozeca01.html,CHI,BRK,J. Noah,/players/n/noahjo01.html,B. Lopez,/players/l/lopezbr01.html,1
201305050OKC,https://www.basketball-reference.com/boxscores/pbp/201305050OKC.html,Oklahoma City Thunder,Memphis Grizzlies,OKC,MEM,,,,,,,,,,,,
201305050NYK,https://www.basketball-reference.com/boxscores/pbp/201305050NYK.html,New York Knicks,Indiana Pacers,NYK,IND,T. Chandler,R. Hibbert,R. Hibbert,NYK,IND,R. Felton,/players/f/feltora01.html,IND,NYK,T. Chandler,/players/c/chandty01.html,R. Hibbert,/players/h/hibbero01.html,0
201305060MIA,https://www.basketball-reference.com/boxscores/pbp/201305060MIA.html,Miami Heat,Chicago Bulls,MIA,CHI,C. Bosh,J. Noah,J. Noah,CHI,MIA,C. Boozer,/players/b/boozeca01.html,CHI,MIA,J. Noah,/players/n/noahjo01.html,C. Bosh,/players/b/boshch01.html,1
201305060SAS,https://www.basketball-reference.com/boxscores/pbp/201305060SAS.html,San Antonio Spurs,Golden State Warriors,SAS,GSW,T. Duncan,A. Bogut,A. Bogut,GSW,SAS,F. Ezeli,/players/e/ezelife01.html,GSW,SAS,A. Bogut,/players/b/bogutan01.html,T. Duncan,/players/d/duncati01.html,1
201305070NYK,https://www.basketball-reference.com/boxscores/pbp/201305070NYK.html,New York Knicks,Indiana Pacers,NYK,IND,T. Chandler,R. Hibbert,P. Prigioni,NYK,IND,P. Prigioni,/players/p/prigipa01.html,NYK,IND,T. Chandler,/players/c/chandty01.html,R. Hibbert,/players/h/hibbero01.html,1
201305070OKC,https://www.basketball-reference.com/boxscores/pbp/201305070OKC.html,Oklahoma City Thunder,Memphis Grizzlies,OKC,MEM,S. Ibaka,M. Gasol,T. Sefolosha,MEM,OKC,M. Conley,/players/c/conlemi01.html,OKC,MEM,M. Gasol,/players/g/gasolma01.html,S. Ibaka,/players/i/ibakase01.html,0
201305080MIA,https://www.basketball-reference.com/boxscores/pbp/201305080MIA.html,Miami Heat,Chicago Bulls,MIA,CHI,C. Bosh,J. Noah,M. Belinelli,CHI,MIA,C. Boozer,/players/b/boozeca01.html,CHI,MIA,J. Noah,/players/n/noahjo01.html,C. Bosh,/players/b/boshch01.html,1
201305080SAS,https://www.basketball-reference.com/boxscores/pbp/201305080SAS.html,San Antonio Spurs,Golden State Warriors,SAS,GSW,T. Duncan,A. Bogut,S. Curry,SAS,GSW,M. Bonner,/players/b/bonnema01.html,GSW,SAS,T. Duncan,/players/d/duncati01.html,A. Bogut,/players/b/bogutan01.html,0
201305100CHI,https://www.basketball-reference.com/boxscores/pbp/201305100CHI.html,Chicago Bulls,Miami Heat,CHI,MIA,J. Noah,C. Bosh,C. Boozer,MIA,CHI,U. Haslem,/players/h/hasleud01.html,CHI,MIA,C. Bosh,/players/b/boshch01.html,J. Noah,/players/n/noahjo01.html,0
201305100GSW,https://www.basketball-reference.com/boxscores/pbp/201305100GSW.html,Golden State Warriors,San Antonio Spurs,GSW,SAS,A. Bogut,T. Duncan,T. Duncan,SAS,GSW,T. Parker,/players/p/parketo01.html,SAS,GSW,T. Duncan,/players/d/duncati01.html,A. Bogut,/players/b/bogutan01.html,1
201305110MEM,https://www.basketball-reference.com/boxscores/pbp/201305110MEM.html,Memphis Grizzlies,Oklahoma City Thunder,MEM,OKC,M. Gasol,S. Ibaka,R. Jackson,MEM,OKC,M. Conley,/players/c/conlemi01.html,OKC,MEM,M. Gasol,/players/g/gasolma01.html,S. Ibaka,/players/i/ibakase01.html,0
201305110IND,https://www.basketball-reference.com/boxscores/pbp/201305110IND.html,Indiana Pacers,New York Knicks,IND,NYK,R. Hibbert,T. Chandler,G. Hill,NYK,IND,R. Felton,/players/f/feltora01.html,IND,NYK,T. Chandler,/players/c/chandty01.html,R. Hibbert,/players/h/hibbero01.html,0
201305120GSW,https://www.basketball-reference.com/boxscores/pbp/201305120GSW.html,Golden State Warriors,San Antonio Spurs,GSW,SAS,,,,,,,,,,,,
201305130CHI,https://www.basketball-reference.com/boxscores/pbp/201305130CHI.html,Chicago Bulls,Miami Heat,CHI,MIA,J. Noah,C. Bosh,C. Boozer,CHI,MIA,C. Boozer,/players/b/boozeca01.html,CHI,MIA,J. Noah,/players/n/noahjo01.html,C. Bosh,/players/b/boshch01.html,1
201305130MEM,https://www.basketball-reference.com/boxscores/pbp/201305130MEM.html,Memphis Grizzlies,Oklahoma City Thunder,MEM,OKC,M. Gasol,S. Ibaka,K. Durant,MEM,OKC,Z. Randolph,/players/r/randoza01.html,OKC,MEM,M. Gasol,/players/g/gasolma01.html,S. Ibaka,/players/i/ibakase01.html,0
201305140IND,https://www.basketball-reference.com/boxscores/pbp/201305140IND.html,Indiana Pacers,New York Knicks,IND,NYK,R. Hibbert,T. Chandler,L. Stephenson,NYK,IND,R. Felton,/players/f/feltora01.html,IND,NYK,T. Chandler,/players/c/chandty01.html,R. Hibbert,/players/h/hibbero01.html,0
201305140SAS,https://www.basketball-reference.com/boxscores/pbp/201305140SAS.html,San Antonio Spurs,Golden State Warriors,SAS,GSW,T. Duncan,A. Bogut,T. Duncan,SAS,GSW,T. Parker,/players/p/parketo01.html,SAS,GSW,T. Duncan,/players/d/duncati01.html,A. Bogut,/players/b/bogutan01.html,1
201305150MIA,https://www.basketball-reference.com/boxscores/pbp/201305150MIA.html,Miami Heat,Chicago Bulls,MIA,CHI,C. Bosh,J. Noah,M. Chalmers,CHI,MIA,C. Boozer,/players/b/boozeca01.html,MIA,CHI,J. Noah,/players/n/noahjo01.html,C. Bosh,/players/b/boshch01.html,0
201305150OKC,https://www.basketball-reference.com/boxscores/pbp/201305150OKC.html,Oklahoma City Thunder,Memphis Grizzlies,OKC,MEM,S. Ibaka,M. Gasol,S. Ibaka,MEM,OKC,M. Conley,/players/c/conlemi01.html,OKC,MEM,M. Gasol,/players/g/gasolma01.html,S. Ibaka,/players/i/ibakase01.html,0
201305160NYK,https://www.basketball-reference.com/boxscores/pbp/201305160NYK.html,New York Knicks,Indiana Pacers,NYK,IND,T. Chandler,R. Hibbert,C. Anthony,IND,NYK,P. George,/players/g/georgpa01.html,NYK,IND,R. Hibbert,/players/h/hibbero01.html,T. Chandler,/players/c/chandty01.html,0
201305160GSW,https://www.basketball-reference.com/boxscores/pbp/201305160GSW.html,Golden State Warriors,San Antonio Spurs,GSW,SAS,A. Bogut,T. Duncan,T. Duncan,SAS,GSW,T. Parker,/players/p/parketo01.html,SAS,GSW,T. Duncan,/players/d/duncati01.html,A. Bogut,/players/b/bogutan01.html,1
201305180IND,https://www.basketball-reference.com/boxscores/pbp/201305180IND.html,Indiana Pacers,New York Knicks,IND,NYK,R. Hibbert,T. Chandler,L. Stephenson,IND,NYK,G. Hill,/players/h/hillge01.html,IND,NYK,R. Hibbert,/players/h/hibbero01.html,T. Chandler,/players/c/chandty01.html,1
201305190SAS,https://www.basketball-reference.com/boxscores/pbp/201305190SAS.html,San Antonio Spurs,Memphis Grizzlies,SAS,MEM,T. Duncan,M. Gasol,M. Gasol,MEM,SAS,Z. Randolph,/players/r/randoza01.html,MEM,SAS,M. Gasol,/players/g/gasolma01.html,T. Duncan,/players/d/duncati01.html,1
201305210SAS,https://www.basketball-reference.com/boxscores/pbp/201305210SAS.html,San Antonio Spurs,Memphis Grizzlies,SAS,MEM,T. Duncan,M. Gasol,D. Green,SAS,MEM,D. Green,/players/g/greenda02.html,SAS,MEM,T. Duncan,/players/d/duncati01.html,M. Gasol,/players/g/gasolma01.html,1
201305220MIA,https://www.basketball-reference.com/boxscores/pbp/201305220MIA.html,Miami Heat,Indiana Pacers,MIA,IND,C. Bosh,R. Hibbert,P. George,MIA,IND,U. Haslem,/players/h/hasleud01.html,IND,MIA,C. Bosh,/players/b/boshch01.html,R. Hibbert,/players/h/hibbero01.html,0
201305240MIA,https://www.basketball-reference.com/boxscores/pbp/201305240MIA.html,Miami Heat,Indiana Pacers,MIA,IND,C. Bosh,R. Hibbert,P. George,IND,MIA,G. Hill,/players/h/hillge01.html,IND,MIA,R. Hibbert,/players/h/hibbero01.html,C. Bosh,/players/b/boshch01.html,1
201305250MEM,https://www.basketball-reference.com/boxscores/pbp/201305250MEM.html,Memphis Grizzlies,San Antonio Spurs,MEM,SAS,M. Gasol,T. Duncan,Z. Randolph,SAS,MEM,T. Parker,/players/p/parketo01.html,MEM,SAS,T. Duncan,/players/d/duncati01.html,M. Gasol,/players/g/gasolma01.html,0
201305260IND,https://www.basketball-reference.com/boxscores/pbp/201305260IND.html,Indiana Pacers,Miami Heat,IND,MIA,R. Hibbert,C. Bosh,P. George,IND,MIA,L. Stephenson,/players/s/stephla01.html,IND,MIA,R. Hibbert,/players/h/hibbero01.html,C. Bosh,/players/b/boshch01.html,1
201305270MEM,https://www.basketball-reference.com/boxscores/pbp/201305270MEM.html,Memphis Grizzlies,San Antonio Spurs,MEM,SAS,M. Gasol,T. Duncan,T. Prince,MEM,SAS,T. Allen,/players/a/allento01.html,MEM,SAS,M. Gasol,/players/g/gasolma01.html,T. Duncan,/players/d/duncati01.html,1
201305280IND,https://www.basketball-reference.com/boxscores/pbp/201305280IND.html,Indiana Pacers,Miami Heat,IND,MIA,R. Hibbert,C. Bosh,R. Hibbert,MIA,IND,M. Chalmers,/players/c/chalmma01.html,IND,MIA,C. Bosh,/players/b/boshch01.html,R. Hibbert,/players/h/hibbero01.html,0
201305300MIA,https://www.basketball-reference.com/boxscores/pbp/201305300MIA.html,Miami Heat,Indiana Pacers,MIA,IND,C. Bosh,R. Hibbert,R. Hibbert,MIA,IND,M. Chalmers,/players/c/chalmma01.html,IND,MIA,C. Bosh,/players/b/boshch01.html,R. Hibbert,/players/h/hibbero01.html,0
201306030MIA,https://www.basketball-reference.com/boxscores/pbp/201306030MIA.html,Miami Heat,Indiana Pacers,MIA,IND,C. Bosh,R. Hibbert,R. Hibbert,MIA,IND,M. Chalmers,/players/c/chalmma01.html,IND,MIA,C. Bosh,/players/b/boshch01.html,R. Hibbert,/players/h/hibbero01.html,0
201306060MIA,https://www.basketball-reference.com/boxscores/pbp/201306060MIA.html,Miami Heat,San Antonio Spurs,MIA,SAS,C. Bosh,T. Duncan,D. Wade,SAS,MIA,T. Parker,/players/p/parketo01.html,MIA,SAS,T. Duncan,/players/d/duncati01.html,C. Bosh,/players/b/boshch01.html,0
201306090MIA,https://www.basketball-reference.com/boxscores/pbp/201306090MIA.html,Miami Heat,San Antonio Spurs,MIA,SAS,C. Bosh,T. Duncan,D. Green,SAS,MIA,T. Parker,/players/p/parketo01.html,SAS,MIA,T. Duncan,/players/d/duncati01.html,C. Bosh,/players/b/boshch01.html,1
201306110SAS,https://www.basketball-reference.com/boxscores/pbp/201306110SAS.html,San Antonio Spurs,Miami Heat,SAS,MIA,T. Duncan,C. Bosh,T. Duncan,SAS,MIA,T. Parker,/players/p/parketo01.html,SAS,MIA,T. Duncan,/players/d/duncati01.html,C. Bosh,/players/b/boshch01.html,1
201306130SAS,https://www.basketball-reference.com/boxscores/pbp/201306130SAS.html,San Antonio Spurs,Miami Heat,SAS,MIA,T. Duncan,C. Bosh,T. Parker,SAS,MIA,T. Splitter,/players/s/splitti01.html,SAS,MIA,T. Duncan,/players/d/duncati01.html,C. Bosh,/players/b/boshch01.html,1
201306160SAS,https://www.basketball-reference.com/boxscores/pbp/201306160SAS.html,San Antonio Spurs,Miami Heat,SAS,MIA,T. Duncan,C. Bosh,M. Ginóbili,SAS,MIA,T. Parker,/players/p/parketo01.html,SAS,MIA,T. Duncan,/players/d/duncati01.html,C. Bosh,/players/b/boshch01.html,1
201306180MIA,https://www.basketball-reference.com/boxscores/pbp/201306180MIA.html,Miami Heat,San Antonio Spurs,MIA,SAS,C. Bosh,T. Duncan,C. Bosh,MIA,SAS,D. Wade,/players/w/wadedw01.html,MIA,SAS,C. Bosh,/players/b/boshch01.html,T. Duncan,/players/d/duncati01.html,1
201306200MIA,https://www.basketball-reference.com/boxscores/pbp/201306200MIA.html,Miami Heat,San Antonio Spurs,MIA,SAS,C. Bosh,T. Duncan,T. Parker,SAS,MIA,T. Parker,/players/p/parketo01.html,SAS,MIA,T. Duncan,/players/d/duncati01.html,C. Bosh,/players/b/boshch01.html,1
